TITLE = "Example : Job-C3D20-canbeam-40-static"
VARIABLES="NODE_ID"       "U1"           "U2"           "U3"          "E11"          "E22"          "E33"          "E12"          "E13"          "E23"          "S11"          "S22"          "S33"          "S12"          "S13"          "S23"
              1   0.000000E+00   0.000000E+00   0.000000E+00  -2.489253E-03  -7.276746E-21   1.047165E-18  -1.617336E-04   5.135978E-20   8.810179E-04  -7.036927E+02  -3.015826E+02  -3.015826E+02  -1.306310E+01   4.517228E-15   7.115913E+01
              2   0.000000E+00   0.000000E+00   0.000000E+00   5.985338E-16  -2.705152E-19  -2.300605E-19   5.374176E-04   4.004949E-19  -1.733952E-16   1.693185E-10   7.238721E-11   7.243109E-11   4.340681E+01   3.288514E-14  -1.400796E-11
              3   0.000000E+00   0.000000E+00   0.000000E+00   2.489253E-03   1.683613E-19  -1.190102E-18  -1.617336E-04  -2.229523E-19  -8.810179E-04   7.036927E+02   3.015826E+02   3.015826E+02  -1.306310E+01  -1.839392E-14  -7.115913E+01
              4   0.000000E+00   0.000000E+00   0.000000E+00  -2.163226E-03   7.082747E-20  -1.981563E-19  -4.773521E-04  -1.091219E-19   4.205239E-16  -6.115273E+02  -2.620831E+02  -2.620831E+02  -3.855536E+01  -9.215172E-15   3.396533E-11
              5   0.000000E+00   0.000000E+00   0.000000E+00   2.132187E-17  -1.752405E-19  -2.762490E-19   1.865233E-04   2.854704E-20  -7.377178E-18   6.006319E-12   2.541367E-12   2.527901E-12   1.506534E+01   3.244074E-15  -5.985546E-13
              6   0.000000E+00   0.000000E+00   0.000000E+00   2.163226E-03   5.076332E-19   3.115996E-19  -4.773521E-04  -6.353982E-20  -2.791623E-16   6.115273E+02   2.620831E+02   2.620831E+02  -3.855536E+01  -4.563850E-15  -2.254720E-11
              7   0.000000E+00   0.000000E+00   0.000000E+00  -2.489253E-03   5.570591E-19  -1.593841E-20  -1.617336E-04   1.132014E-20  -8.810179E-04  -7.036927E+02  -3.015826E+02  -3.015826E+02  -1.306310E+01   1.137579E-15  -7.115913E+01
              8   0.000000E+00   0.000000E+00   0.000000E+00  -5.399201E-16  -2.072479E-19  -3.330162E-19   5.374176E-04  -1.061205E-19  -1.500119E-16  -1.527206E-10  -6.558267E-11  -6.557740E-11   4.340681E+01  -7.036490E-15  -1.211506E-11
              9   0.000000E+00   0.000000E+00   0.000000E+00   2.489253E-03  -4.291528E-19   1.306665E-19  -1.617336E-04   1.477060E-19   8.810179E-04   7.036927E+02   3.015826E+02   3.015826E+02  -1.306310E+01   1.154480E-14   7.115913E+01
             10  -1.348088E-02  -6.499082E-03   3.974476E-03  -2.869647E-03   9.312083E-04   8.805816E-04   9.129303E-05   3.450880E-05  -9.835110E-05  -5.917218E+02   2.226253E+01   1.408437E+01   7.373668E+00   2.787249E+00  -7.943743E+00
             11   3.373666E-15  -4.518590E-03  -2.539206E-15   7.014818E-16  -1.594590E-16  -2.393316E-16   2.347026E-05  -5.471806E-06   9.469825E-18   1.501324E-10   1.092459E-11  -1.963762E-12   1.895675E+00  -4.419536E-01   7.656505E-13
             12   1.348088E-02  -6.499082E-03  -3.974476E-03   2.869647E-03  -9.312083E-04  -8.805816E-04   9.129303E-05   3.450880E-05   9.835110E-05   5.917218E+02  -2.226253E+01  -1.408437E+01   7.373668E+00   2.787249E+00   7.943743E+00
             13  -1.337994E-02  -8.462449E-03   1.840208E-15  -3.011448E-03   1.021089E-03   7.092087E-04   9.269620E-05  -8.204361E-18   4.918382E-16  -6.416809E+02   9.728957E+00  -4.065175E+01   7.487001E+00  -6.631362E-13   3.972622E-11
             14   1.620003E-16  -6.264387E-03  -2.019731E-15   4.440442E-17  -1.415223E-17  -1.029854E-17  -9.065085E-05   5.268545E-19  -1.015562E-16   9.592771E-12   1.509903E-13   7.793766E-13  -7.321800E+00   4.207745E-14  -8.201815E-12
             15   1.337994E-02  -8.462449E-03  -5.131261E-15   3.011448E-03  -1.021089E-03  -7.092087E-04   9.269620E-05  -7.068490E-18  -6.755393E-16   6.416809E+02  -9.728957E+00   4.065175E+01   7.487001E+00  -5.707657E-13  -5.456235E-11
             16  -1.348088E-02  -6.499082E-03  -3.974476E-03  -2.869647E-03   9.312083E-04   8.805816E-04   9.129303E-05  -3.450880E-05   9.835110E-05  -5.917218E+02   2.226253E+01   1.408437E+01   7.373668E+00  -2.787249E+00   7.943743E+00
             17  -3.035590E-15  -4.518590E-03  -2.431791E-15  -6.281842E-16   1.344072E-16   2.160506E-16   2.347026E-05   5.471806E-06   4.815177E-18  -1.349232E-10  -1.193179E-11   1.246114E-12   1.895675E+00   4.419536E-01   3.854982E-13
             18   1.348088E-02  -6.499082E-03   3.974476E-03   2.869647E-03  -9.312083E-04  -8.805816E-04   9.129303E-05  -3.450880E-05  -9.835110E-05   5.917218E+02  -2.226253E+01  -1.408437E+01   7.373668E+00  -2.787249E+00  -7.943743E+00
             19  -2.763526E-02  -2.677922E-02   4.280484E-03  -2.826881E-03   8.209276E-04   8.363178E-04   1.478469E-05  -3.399706E-06  -4.493754E-06  -5.983559E+02  -9.094515E+00  -6.608394E+00   1.194148E+00  -2.745916E-01  -3.629571E-01
             20   6.360660E-15  -2.467130E-02  -7.587551E-15   5.457438E-16  -1.741246E-16  -1.531169E-16   1.232647E-06  -1.129162E-05  -9.067764E-18   1.145797E-10  -1.680434E-12   1.732503E-12   9.955996E-02  -9.120156E-01  -7.326506E-13
             21   2.763526E-02  -2.677922E-02  -4.280484E-03   2.826881E-03  -8.209276E-04  -8.363178E-04   1.478469E-05  -3.399706E-06   4.493754E-06   5.983559E+02   9.094515E+00   6.608394E+00   1.194148E+00  -2.745916E-01   3.629571E-01
             22  -2.755817E-02  -2.891294E-02   3.313480E-16  -2.852263E-03   8.215488E-04   8.758758E-04   1.025221E-05   4.134897E-18   4.844969E-16  -6.006634E+02  -7.201455E+00   1.574444E+00   8.280632E-01   3.342673E-13   3.913264E-11
             23   3.744333E-16  -2.677208E-02  -7.139826E-15   3.627610E-17  -1.334162E-17  -1.407385E-17  -1.322608E-05  -3.718686E-18  -8.257685E-17   6.988743E-12  -1.036504E-12  -1.157408E-12  -1.068261E+00  -3.004957E-13  -6.669611E-12
             24   2.755817E-02  -2.891294E-02  -1.389572E-14   2.852263E-03  -8.215488E-04  -8.758758E-04   1.025221E-05  -4.875363E-18  -6.804673E-16   6.006634E+02   7.201455E+00  -1.574444E+00   8.280632E-01  -3.938586E-13  -5.496048E-11
             25  -2.763526E-02  -2.677922E-02  -4.280484E-03  -2.826881E-03   8.209276E-04   8.363178E-04   1.478469E-05   3.399706E-06   4.493754E-06  -5.983559E+02  -9.094515E+00  -6.608394E+00   1.194148E+00   2.745916E-01   3.629571E-01
             26  -5.651144E-15  -2.467130E-02  -7.463621E-15  -4.673604E-16   1.341836E-16   1.305625E-16   1.232647E-06   1.129162E-05  -1.915535E-17  -1.000589E-10  -2.865042E-12  -3.422929E-12   9.955996E-02   9.120156E-01  -1.546954E-12
             27   2.763526E-02  -2.677922E-02   4.280484E-03   2.826881E-03  -8.209276E-04  -8.363178E-04   1.478469E-05   3.399706E-06  -4.493754E-06   5.983559E+02   9.094515E+00   6.608394E+00   1.194148E+00   2.745916E-01  -3.629571E-01
             28  -4.186055E-02  -6.153871E-02   4.285153E-03  -2.861538E-03   8.652034E-04   8.598759E-04  -2.002097E-06   1.225443E-06  -1.340339E-06  -5.999347E+02   2.077333E+00   1.216722E+00  -1.617078E-01   9.897807E-02  -1.082582E-01
             29   8.863050E-15  -5.939002E-02  -1.518013E-14   4.551069E-16  -1.549848E-16  -1.335284E-16   4.811192E-08   1.573797E-06  -5.554591E-18   9.369791E-11  -4.896195E-12  -1.414757E-12   3.885963E-03   1.271144E-01  -4.486553E-13
             30   4.186055E-02  -6.153871E-02  -4.285153E-03   2.861538E-03  -8.652034E-04  -8.598759E-04  -2.002097E-06   1.225443E-06   1.340339E-06   5.999347E+02  -2.077333E+00  -1.216722E+00  -1.617078E-01   9.897807E-02   1.082582E-01
             31  -4.186369E-02  -6.368240E-02  -3.770760E-15  -2.856827E-03   8.670801E-04   8.541852E-04  -2.277900E-06  -1.966511E-17   4.663028E-16  -5.990652E+02   2.489098E+00   4.060648E-01  -1.839842E-01  -1.588368E-12   3.766291E-11
             32   5.334640E-16  -6.153267E-02  -1.482591E-14   3.139848E-17  -1.824848E-17  -1.212441E-17   1.864849E-06  -3.765803E-18  -7.879909E-17   5.144676E-12  -2.808420E-12  -1.840431E-12   1.506224E-01  -3.041456E-13  -6.364581E-12
             33   4.186369E-02  -6.368240E-02  -2.526682E-14   2.856827E-03  -8.670801E-04  -8.541852E-04  -2.277900E-06  -1.438918E-17  -6.492051E-16   5.990652E+02  -2.489098E+00  -4.060648E-01  -1.839842E-01  -1.162324E-12  -5.243584E-11
             34  -4.186055E-02  -6.153871E-02  -4.285153E-03  -2.861538E-03   8.652034E-04   8.598759E-04  -2.002097E-06  -1.225443E-06   1.340339E-06  -5.999347E+02   2.077333E+00   1.216722E+00  -1.617078E-01  -9.897807E-02   1.082582E-01
             35  -7.798325E-15  -5.939002E-02  -1.506568E-14  -3.865488E-16   1.343843E-16   1.115156E-16   4.811192E-08  -1.573797E-06  -1.496085E-17  -7.955794E-11   4.611367E-12   9.544587E-13   3.885963E-03  -1.271144E-01  -1.208383E-12
             36   4.186055E-02  -6.153871E-02   4.285153E-03   2.861538E-03  -8.652034E-04  -8.598759E-04  -2.002097E-06  -1.225443E-06  -1.340339E-06   5.999347E+02  -2.077333E+00  -1.216722E+00  -1.617078E-01  -9.897807E-02  -1.082582E-01
             37  -5.615614E-02  -1.105393E-01   4.286359E-03  -2.856572E-03   8.551315E-04   8.566859E-04   5.977164E-07  -3.498315E-07   1.598538E-07  -6.001378E+02  -5.548394E-01  -3.037455E-01   4.827709E-02  -2.825562E-02   1.291127E-02
             38   1.074994E-14  -1.083984E-01  -2.479968E-14   3.040142E-16  -1.042880E-16  -8.226143E-17  -7.663498E-08  -4.185940E-07  -1.113451E-17   6.340514E-11  -2.596298E-12   9.813123E-13  -6.189749E-03  -3.380952E-02  -8.993297E-13
             39   5.615614E-02  -1.105393E-01  -4.286359E-03   2.856572E-03  -8.551315E-04  -8.566859E-04   5.977164E-07  -3.498315E-07  -1.598538E-07   6.001378E+02   5.548394E-01   3.037455E-01   4.827709E-02  -2.825562E-02  -1.291127E-02
             40  -5.615516E-02  -1.126821E-01  -1.010063E-14  -2.857247E-03   8.548561E-04   8.578579E-04   4.671735E-07  -9.747225E-18   4.293528E-16  -6.002199E+02  -5.724566E-01  -8.755360E-02   3.773324E-02  -7.872743E-13   3.467850E-11
             41   6.863198E-16  -1.105409E-01  -2.457476E-14   2.050897E-17  -2.349328E-17  -1.395948E-17  -3.233522E-07   8.359262E-18  -7.500254E-17   1.505629E-12  -5.769538E-12  -4.247980E-12  -2.611691E-02   6.751795E-13  -6.057896E-12
             42   5.615516E-02  -1.126821E-01  -3.848798E-14   2.857247E-03  -8.548561E-04  -8.578579E-04   4.671735E-07  -1.601116E-17  -6.175671E-16   6.002199E+02   5.724566E-01   8.755360E-02   3.773324E-02  -1.293221E-12  -4.988041E-11
             43  -5.615614E-02  -1.105393E-01  -4.286359E-03  -2.856572E-03   8.551315E-04   8.566859E-04   5.977164E-07   3.498315E-07  -1.598538E-07  -6.001378E+02  -5.548394E-01  -3.037455E-01   4.827709E-02   2.825562E-02  -1.291127E-02
             44  -9.417441E-15  -1.083984E-01  -2.469668E-14  -2.755870E-16   1.164583E-16   6.870435E-17  -7.663498E-08   4.185940E-07  -1.802765E-17  -5.577543E-11   7.704490E-12  -1.718764E-14  -6.189749E-03   3.380952E-02  -1.456083E-12
             45   5.615614E-02  -1.105393E-01   4.286359E-03   2.856572E-03  -8.551315E-04  -8.566859E-04   5.977164E-07   3.498315E-07   1.598538E-07   6.001378E+02   5.548394E-01   3.037455E-01   4.827709E-02   2.825562E-02   1.291127E-02
             46  -7.043895E-02  -1.738386E-01   4.285536E-03  -2.857236E-03   8.574824E-04   8.571967E-04  -1.672555E-07   9.718957E-08  -2.652893E-08  -5.999788E+02   9.117244E-02   4.502341E-02  -1.350910E-02   7.849927E-03  -2.142721E-03
             47   1.212066E-14  -1.716954E-01  -3.602638E-14   2.594272E-16  -2.416581E-16  -5.144620E-17  -1.821029E-09   6.416639E-08  -2.897833E-17   3.787559E-11  -4.311158E-11  -1.238352E-11  -1.470831E-04   5.182670E-03  -2.340557E-12
             48   7.043895E-02  -1.738386E-01  -4.285536E-03   2.857236E-03  -8.574824E-04  -8.571967E-04  -1.672555E-07   9.718957E-08   2.652893E-08   5.999788E+02  -9.117244E-02  -4.502341E-02  -1.350910E-02   7.849927E-03   2.142721E-03
             49  -7.043915E-02  -1.759815E-01  -1.811180E-14  -2.857109E-03   8.574992E-04   8.570177E-04  -1.633035E-07  -6.096894E-17   3.965499E-16  -5.999624E+02   8.966894E-02   1.188746E-02  -1.318990E-02  -4.924418E-12   3.202903E-11
             50   8.314203E-16  -1.738383E-01  -3.575227E-14   4.360791E-17   7.096446E-17  -5.348919E-17   8.804986E-08   4.081839E-18  -7.764161E-17   1.457546E-11   1.885729E-11  -1.264600E-12   7.111720E-03   3.296861E-13  -6.271053E-12
             51   7.043915E-02  -1.759815E-01  -5.290243E-14   2.857109E-03  -8.574992E-04  -8.570177E-04  -1.633035E-07  -5.494640E-18  -5.821847E-16   5.999624E+02  -8.966894E-02  -1.188746E-02  -1.318990E-02  -4.437991E-13  -4.702261E-11
             52  -7.043895E-02  -1.738386E-01  -4.285536E-03  -2.857236E-03   8.574824E-04   8.571967E-04  -1.672555E-07  -9.718957E-08   2.652893E-08  -5.999788E+02   9.117244E-02   4.502341E-02  -1.350910E-02  -7.849927E-03   2.142722E-03
             53  -1.049495E-14  -1.716954E-01  -3.579362E-14  -1.299033E-16  -6.016777E-17   6.452057E-17  -1.821030E-09  -6.416639E-08  -2.313123E-17  -3.631728E-11  -2.491677E-11  -4.769171E-12  -1.470832E-04  -5.182670E-03  -1.868290E-12
             54   7.043895E-02  -1.738386E-01   4.285536E-03   2.857236E-03  -8.574824E-04  -8.571967E-04  -1.672555E-07  -9.718957E-08  -2.652893E-08   5.999788E+02  -9.117244E-02  -4.502341E-02  -1.350910E-02  -7.849927E-03  -2.142722E-03
             55  -8.472628E-02  -2.514212E-01   4.286273E-03  -2.857269E-03   8.575876E-04   8.573981E-04   6.134485E-08  -1.220858E-07  -7.218748E-08  -5.999509E+02   1.413527E-01   1.107378E-01   4.954776E-03  -9.860773E-03  -5.830527E-03
             56   1.319284E-14  -2.492785E-01  -4.809577E-14   1.327877E-16  -6.621598E-17  -1.007114E-17   7.738777E-09   1.423662E-07  -9.895914E-18   2.841410E-11  -3.787429E-12   5.277615E-12   6.250550E-04   1.149881E-02  -7.992864E-13
             57   8.472628E-02  -2.514212E-01  -4.286273E-03   2.857269E-03  -8.575876E-04  -8.573981E-04   6.134485E-08  -1.220858E-07   7.218748E-08   5.999509E+02  -1.413527E-01  -1.107378E-01   4.954776E-03  -9.860773E-03   5.830527E-03
             58  -8.472609E-02  -2.535644E-01  -2.732976E-14  -2.857080E-03   8.578178E-04   8.571113E-04   3.345095E-07  -1.034422E-16   3.900798E-16  -5.999043E+02   1.945866E-01   8.045023E-02   2.701808E-02  -8.354948E-12   3.150645E-11
             59   9.136475E-16  -2.514212E-01  -4.796720E-14   2.992213E-17   1.468596E-16  -3.634480E-17  -1.305389E-07  -2.116066E-18  -6.398791E-17   2.178350E-11   4.073231E-11   1.113592E-11  -1.054353E-02  -1.709114E-13  -5.168253E-12
             60   8.472609E-02  -2.535644E-01  -6.835252E-14   2.857080E-03  -8.578178E-04  -8.571113E-04   3.345095E-07  -3.021750E-18  -5.459378E-16   5.999043E+02  -1.945866E-01  -8.045023E-02   2.701808E-02  -2.440613E-13  -4.409497E-11
             61  -8.472628E-02  -2.514212E-01  -4.286273E-03  -2.857269E-03   8.575876E-04   8.573981E-04   6.134485E-08   1.220858E-07   7.218748E-08  -5.999509E+02   1.413527E-01   1.107378E-01   4.954776E-03   9.860773E-03   5.830527E-03
             62  -1.115662E-14  -2.492785E-01  -4.791628E-14  -1.562704E-16   2.298449E-16   1.029349E-17   7.738776E-09  -1.423662E-07  -3.290315E-18  -1.517014E-11   4.728826E-11   1.184424E-11   6.250550E-04  -1.149881E-02  -2.657510E-13
             63   8.472628E-02  -2.514212E-01   4.286273E-03   2.857269E-03  -8.575876E-04  -8.573981E-04   6.134485E-08   1.220858E-07  -7.218748E-08   5.999509E+02  -1.413527E-01  -1.107378E-01   4.954776E-03   9.860773E-03  -5.830527E-03
             64  -9.900708E-02  -3.432886E-01   4.281047E-03  -2.855964E-03   8.552283E-04   8.549854E-04  -2.057232E-07   9.397332E-07   8.355531E-07  -6.001601E+02  -6.597773E-01  -6.990133E-01  -1.661610E-02   7.590153E-02   6.748698E-02
             65   1.367468E-14  -3.411437E-01  -6.103400E-14   9.754564E-17  -9.114837E-17   3.468418E-17   1.886486E-07  -1.060857E-06   1.917565E-17   2.074299E-11  -9.715950E-12   1.056162E-11   1.523701E-02  -8.568462E-02   1.548815E-12
             66   9.900708E-02  -3.432886E-01  -4.281047E-03   2.855964E-03  -8.552283E-04  -8.549854E-04  -2.057232E-07   9.397332E-07  -8.355531E-07   6.001601E+02   6.597773E-01   6.990133E-01  -1.661610E-02   7.590153E-02  -6.748698E-02
             67  -9.900959E-02  -3.454287E-01  -3.745399E-14  -2.856997E-03   8.539543E-04   8.574334E-04  -1.788559E-06   5.987774E-17   3.866669E-16  -6.003099E+02  -8.485444E-01  -2.865326E-01  -1.444605E-01   4.836262E-12   3.123078E-11
             68   1.014744E-15  -3.432865E-01  -6.067392E-14  -2.016285E-17   3.397313E-16  -1.487598E-16   9.725397E-07   7.654514E-17  -4.948356E-17   1.744092E-11   7.558851E-11  -3.347475E-12   7.855128E-02   6.182504E-12  -3.996764E-12
             69   9.900959E-02  -3.454287E-01  -8.403347E-14   2.856997E-03  -8.539543E-04  -8.574334E-04  -1.788559E-06  -2.055630E-17  -5.087255E-16   6.003099E+02   8.485444E-01   2.865326E-01  -1.444605E-01  -1.660335E-12  -4.108938E-11
             70  -9.900708E-02  -3.432886E-01  -4.281047E-03  -2.855964E-03   8.552283E-04   8.549854E-04  -2.057232E-07  -9.397332E-07  -8.355531E-07  -6.001601E+02  -6.597773E-01  -6.990133E-01  -1.661610E-02  -7.590153E-02  -6.748698E-02
             71  -1.159698E-14  -3.411437E-01  -6.070972E-14  -5.434208E-17  -2.337277E-16   1.325105E-16   1.886486E-07   1.060857E-06  -3.187930E-17  -2.783060E-11  -5.660700E-11   2.572428E-12   1.523701E-02   8.568462E-02  -2.574847E-12
             72   9.900708E-02  -3.432886E-01   4.281047E-03   2.855964E-03  -8.552283E-04  -8.549854E-04  -2.057232E-07  -9.397332E-07   8.355531E-07   6.001601E+02   6.597773E-01   6.990133E-01  -1.661610E-02  -7.590153E-02   6.748698E-02
             73  -1.133026E-01  -4.494333E-01   4.310413E-03  -2.866552E-03   8.601563E-04   8.690863E-04   7.971321E-06  -5.960118E-06  -2.171965E-06  -6.008479E+02   1.158899E+00   2.601429E+00   6.438375E-01  -4.813941E-01  -1.754279E-01
             74   1.375410E-14  -4.473187E-01  -7.376416E-14  -7.594368E-17   1.877114E-16  -5.904246E-17  -1.000272E-05   4.886151E-06   9.378777E-18  -5.970668E-12   3.667311E-11  -3.172629E-12  -8.079116E-01   3.946507E-01   7.575610E-13
             75   1.133026E-01  -4.494333E-01  -4.310413E-03   2.866552E-03  -8.601563E-04  -8.690863E-04   7.971321E-06  -5.960118E-06   2.171965E-06   6.008479E+02  -1.158899E+00  -2.601429E+00   6.438375E-01  -4.813941E-01   1.754279E-01
             76  -1.132952E-01  -4.515873E-01  -4.792128E-14  -2.867904E-03   8.683153E-04   8.550788E-04   9.960519E-06  -1.273705E-17   3.801318E-16  -6.019385E+02   1.604562E+00  -5.336449E-01   8.045034E-01  -1.028788E-12   3.070290E-11
             77   1.077868E-15  -4.494504E-01  -7.381668E-14  -5.906338E-17   3.644126E-17   6.309448E-17  -7.962065E-06  -5.256356E-17  -1.821890E-17  -4.758555E-12   1.074862E-11   1.505127E-11  -6.430899E-01  -4.245522E-12  -1.471619E-12
             78   1.132952E-01  -4.515873E-01  -9.955778E-14   2.867904E-03  -8.683153E-04  -8.550788E-04   9.960519E-06   3.575517E-17  -4.340011E-16   6.019385E+02  -1.604562E+00   5.336449E-01   8.045034E-01   2.888009E-12  -3.505386E-11
             79  -1.133026E-01  -4.494333E-01  -4.310413E-03  -2.866552E-03   8.601563E-04   8.690863E-04   7.971321E-06   5.960118E-06   2.171965E-06  -6.008479E+02   1.158899E+00   2.601429E+00   6.438375E-01   4.813941E-01   1.754279E-01
             80  -1.200591E-14  -4.473187E-01  -7.371807E-14  -3.494380E-17   2.127882E-16  -8.622027E-17  -1.000272E-05  -4.886151E-06   1.338400E-18   5.740741E-12   4.551004E-11  -2.785772E-12  -8.079116E-01  -3.946507E-01   1.081759E-13
             81   1.133026E-01  -4.494333E-01   4.310413E-03   2.866552E-03  -8.601563E-04  -8.690863E-04   7.971321E-06   5.960118E-06  -2.171965E-06   6.008479E+02  -1.158899E+00  -2.601429E+00   6.438375E-01   4.813941E-01  -1.754279E-01
             82  -1.277241E-01  -5.701665E-01   4.076728E-03  -2.718868E-03   9.096778E-04   8.006479E-04  -7.934532E-05   1.559154E-05  -5.513221E-05  -5.613906E+02   2.475915E+01   7.146623E+00  -6.408660E+00   1.259317E+00  -4.452986E+00
             83   1.385695E-14  -5.676828E-01  -8.695323E-14   7.622347E-17  -3.226891E-16  -2.706112E-17   7.137139E-05  -1.642295E-05  -2.102994E-17  -2.091527E-11  -8.525802E-11  -3.749401E-11   5.764612E+00  -1.326469E+00  -1.698472E-12
             84   1.277241E-01  -5.701665E-01  -4.076728E-03   2.718868E-03  -9.096778E-04  -8.006479E-04  -7.934532E-05   1.559154E-05   5.513221E-05   5.613906E+02  -2.475915E+01  -7.146623E+00  -6.408660E+00   1.259317E+00   4.452986E+00
             85  -1.276841E-01  -5.721329E-01  -5.842007E-14  -2.681929E-03   8.653855E-04   8.300434E-04  -5.198174E-05   2.950682E-17   3.208413E-16  -5.527529E+02   2.027478E+01   1.456567E+01  -4.198525E+00   2.383344E-12   2.591416E-11
             86   1.125361E-15  -5.698073E-01  -8.677940E-14   1.690326E-16  -2.741083E-16   1.500163E-17   5.629817E-05  -1.038833E-18   7.358551E-18   1.651013E-11  -5.511636E-11  -8.455903E-12   4.547160E+00  -8.407164E-14   5.942947E-13
             87   1.276841E-01  -5.721329E-01  -1.144252E-13   2.681929E-03  -8.653855E-04  -8.300434E-04  -5.198174E-05   4.125093E-17  -3.153186E-16   5.527529E+02  -2.027478E+01  -1.456567E+01  -4.198525E+00   3.330641E-12  -2.546774E-11
             88  -1.277241E-01  -5.701665E-01  -4.076728E-03  -2.718868E-03   9.096778E-04   8.006479E-04  -7.934532E-05  -1.559154E-05   5.513221E-05  -5.613906E+02   2.475915E+01   7.146623E+00  -6.408660E+00  -1.259317E+00   4.452986E+00
             89  -1.186899E-14  -5.676828E-01  -8.680595E-14  -1.000113E-17   5.496566E-17  -6.217554E-17   7.137139E-05   1.642295E-05   1.016403E-17  -3.800515E-12   6.783019E-12  -1.210276E-11   5.764612E+00   1.326469E+00   8.205128E-13
             90   1.277241E-01  -5.701665E-01   4.076728E-03   2.718868E-03  -9.096778E-04  -8.006479E-04  -7.934532E-05  -1.559154E-05  -5.513221E-05   5.613906E+02  -2.475915E+01  -7.146623E+00  -6.408660E+00  -1.259317E+00  -4.452986E+00
             91  -1.398296E-01  -7.028442E-01   4.357549E-03  -2.301516E-03   3.962100E-04   8.786977E-04  -5.174245E-04   7.877339E-05   2.840628E-05  -4.961608E+02  -6.037436E+01   1.756598E+01  -4.179198E+01   6.362466E+00   2.294354E+00
             92   1.343012E-14  -7.023085E-01  -9.893617E-14  -2.024833E-16   4.245194E-16  -3.982316E-17   5.713809E-04  -1.467155E-04  -3.915842E-17  -1.059242E-11   9.062262E-11   1.559997E-11   4.615000E+01  -1.185010E+01  -3.163137E-12
             93   1.398296E-01  -7.028442E-01  -4.357549E-03   2.301516E-03  -3.962100E-04  -8.786977E-04  -5.174245E-04   7.877339E-05  -2.840628E-05   4.961608E+02   6.037436E+01  -1.756598E+01  -4.179198E+01   6.362466E+00  -2.294354E+00
             94  -1.394633E-01  -7.046365E-01  -7.061705E-14  -2.224480E-03   3.040592E-04   8.643219E-04  -5.100953E-04   1.059401E-16   7.423397E-18  -4.872895E+02  -7.883317E+01   1.167080E+01  -4.120000E+01   8.555823E-12   6.010747E-13
             95   1.411538E-15  -7.044879E-01  -9.923654E-14  -6.176027E-17  -4.622767E-17   1.585989E-16   5.042924E-04   1.369601E-16   5.325669E-17  -3.705480E-12  -1.357137E-12   3.177725E-11   4.073131E+01   1.106093E-11   4.301542E-12
             96   1.394633E-01  -7.046365E-01  -1.281283E-13   2.224480E-03  -3.040592E-04  -8.643219E-04  -5.100953E-04  -9.757142E-17  -1.033719E-16   4.872895E+02   7.883317E+01  -1.167080E+01  -4.120000E+01  -7.881473E-12  -8.349765E-12
             97  -1.398296E-01  -7.028442E-01  -4.357549E-03  -2.301516E-03   3.962100E-04   8.786977E-04  -5.174245E-04  -7.877339E-05  -2.840628E-05  -4.961608E+02  -6.037436E+01   1.756598E+01  -4.179198E+01  -6.362466E+00  -2.294354E+00
             98  -1.193395E-14  -7.023085E-01  -9.964510E-14   4.397774E-17  -2.253108E-16   6.256075E-18   5.713809E-04   1.467155E-04  -3.811712E-17  -1.398526E-11  -5.755396E-11  -2.013500E-11   4.615000E+01   1.185010E+01  -3.078881E-12
             99   1.398296E-01  -7.028442E-01   4.357549E-03   2.301516E-03  -3.962100E-04  -8.786977E-04  -5.174245E-04  -7.877339E-05   2.840628E-05   4.961608E+02   6.037436E+01  -1.756598E+01  -4.179198E+01  -6.362466E+00   2.294354E+00
            100  -1.322959E-02  -8.036428E-03   1.880130E-03  -2.942128E-03   9.719058E-04   7.948952E-04   4.541882E-05   1.500117E-05  -1.282128E-05  -6.176623E+02   1.460475E+01  -1.398928E+01   3.668443E+00   1.211633E+00  -1.035565E+00
            101  -6.593056E-03  -6.636572E-03  -2.323137E-16  -1.504365E-03   4.396125E-04   3.612818E-04   2.560874E-05  -1.162129E-18   1.298696E-16  -3.282409E+02  -1.421381E+01  -2.686724E+01   2.068398E+00  -9.414691E-14   1.048839E-11
            102   1.666995E-15  -5.968365E-03  -2.110688E-15   3.631802E-16  -8.539447E-17  -1.039154E-16  -7.942412E-05  -2.011063E-05  -4.239196E-17   7.974066E-11   7.299050E-12   4.286349E-12  -6.415025E+00  -1.624320E+00  -3.424029E-12
            103  -6.822124E-03  -4.839948E-03   2.020625E-03  -1.433198E-03   3.960984E-04   4.469682E-04   8.234062E-05   8.722628E-06  -6.711888E-05  -3.030134E+02  -7.511592E+00   7.058307E-01   6.650589E+00   7.045199E-01  -5.421141E+00
            104   0.000000E+00   0.000000E+00   0.000000E+00  -1.260963E-03  -6.644388E-20  -1.012099E-19   2.547308E-04   6.089576E-20   4.438476E-04  -3.564645E+02  -1.527705E+02  -1.527705E+02   2.057441E+01   6.009390E-15   3.584923E+01
            105   0.000000E+00   0.000000E+00   0.000000E+00   2.892464E-16  -2.857415E-21  -2.037762E-19   3.042827E-04   1.060422E-19  -7.345081E-17   8.169666E-11   3.504378E-11   3.500296E-11   2.457668E+01   9.188508E-15  -5.935223E-12
            106   0.000000E+00   0.000000E+00   0.000000E+00  -1.062230E-03  -1.694962E-19   7.950274E-21  -7.272979E-05  -1.857343E-19   1.923134E-16  -3.002842E+02  -1.286932E+02  -1.286932E+02  -5.874329E+00  -1.524318E-14   1.554018E-11
            107   0.000000E+00   0.000000E+00   0.000000E+00  -2.286074E-03  -1.160534E-19   3.595668E-19  -3.751090E-04  -2.036408E-19   4.297981E-04  -6.462556E+02  -2.769667E+02  -2.769667E+02  -3.029727E+01  -1.584080E-14   3.471446E+01
            108   1.590412E-15   2.138967E-04  -1.068044E-15   6.744579E-16  -1.463537E-16  -1.763358E-16   2.126561E-04  -7.954982E-05  -8.130226E-17   1.515179E-10   1.899991E-11   1.412381E-11   1.717607E+01  -6.425178E+00  -6.568011E-12
            109  -6.481787E-03  -2.029104E-03   3.196164E-03  -2.696177E-03   7.161551E-04   6.820759E-04  -1.806580E-05  -7.381774E-05   3.140055E-04  -5.927874E+02  -4.156454E+01  -4.706964E+01  -1.459161E+00  -5.962202E+00   2.536198E+01
            110   6.647713E-17  -1.099789E-03  -5.238359E-16   3.256441E-17  -9.554532E-18  -8.127397E-18  -4.092000E-05   6.708501E-19  -7.043275E-17   7.160494E-12   2.451372E-13   4.920508E-13  -3.305077E+00   5.384582E-14  -5.688322E-12
            111  -6.049018E-03  -3.308992E-03   1.511737E-15  -2.675989E-03   7.325792E-04   5.963895E-04  -2.219601E-04   1.863472E-18   4.454966E-16  -5.954718E+02  -4.485694E+01  -6.685681E+01  -1.792754E+01   1.515454E-13   3.598083E-11
            112   6.593056E-03  -6.636572E-03  -3.686580E-15   1.504365E-03  -4.396125E-04  -3.612818E-04   2.560874E-05  -7.814726E-18  -3.369463E-16   3.282409E+02   1.421381E+01   2.686724E+01   2.068398E+00  -6.311618E-13  -2.721007E-11
            113   1.322959E-02  -8.036428E-03  -1.880130E-03   2.942128E-03  -9.719058E-04  -7.948952E-04   4.541882E-05   1.500117E-05   1.282128E-05   6.176623E+02  -1.460475E+01   1.398928E+01   3.668443E+00   1.211633E+00   1.035565E+00
            114   6.822124E-03  -4.839948E-03  -2.020625E-03   1.433198E-03  -3.960984E-04  -4.469682E-04   8.234062E-05   8.722628E-06   6.711888E-05   3.030134E+02   7.511592E+00  -7.058307E-01   6.650589E+00   7.045199E-01   5.421141E+00
            115   0.000000E+00   0.000000E+00   0.000000E+00   1.260963E-03  -3.230747E-20  -1.473682E-20   2.547308E-04   2.062091E-19  -4.438476E-04   3.564645E+02   1.527705E+02   1.527705E+02   2.057441E+01   1.507288E-14  -3.584923E+01
            116   0.000000E+00   0.000000E+00   0.000000E+00   2.286074E-03   1.545025E-19  -3.467898E-20  -3.751090E-04  -2.263160E-19  -4.297981E-04   6.462556E+02   2.769667E+02   2.769667E+02  -3.029727E+01  -1.981004E-14  -3.471446E+01
            117   0.000000E+00   0.000000E+00   0.000000E+00   1.062230E-03  -3.733942E-20   9.763084E-20  -7.272979E-05   9.512924E-20  -1.544929E-16   3.002842E+02   1.286932E+02   1.286932E+02  -5.874329E+00   8.677215E-15  -1.248294E-11
            118   6.481787E-03  -2.029104E-03  -3.196164E-03   2.696177E-03  -7.161551E-04  -6.820759E-04  -1.806580E-05  -7.381774E-05  -3.140055E-04   5.927874E+02   4.156454E+01   4.706964E+01  -1.459161E+00  -5.962202E+00  -2.536198E+01
            119   6.049018E-03  -3.308992E-03  -1.980626E-15   2.675989E-03  -7.325792E-04  -5.963895E-04  -2.219601E-04  -4.116072E-17  -4.839296E-16   5.954718E+02   4.485694E+01   6.685681E+01  -1.792754E+01  -3.324008E-12  -3.909215E-11
            120  -1.322959E-02  -8.036428E-03  -1.880130E-03  -2.942128E-03   9.719058E-04   7.948952E-04   4.541882E-05  -1.500117E-05   1.282128E-05  -6.176623E+02   1.460475E+01  -1.398928E+01   3.668443E+00  -1.211633E+00   1.035565E+00
            121  -6.822124E-03  -4.839948E-03  -2.020625E-03  -1.433198E-03   3.960984E-04   4.469682E-04   8.234062E-05  -8.722628E-06   6.711888E-05  -3.030134E+02  -7.511592E+00   7.058307E-01   6.650589E+00  -7.045199E-01   5.421141E+00
            122  -1.341489E-15  -5.968365E-03  -2.058808E-15  -2.870186E-16   6.308701E-17   8.233848E-17  -7.942412E-05   2.011063E-05  -4.425523E-17  -6.347456E-11  -6.979306E-12  -3.842260E-12  -6.415025E+00   1.624320E+00  -3.574838E-12
            123   0.000000E+00   0.000000E+00   0.000000E+00  -2.404511E-16   8.582172E-20  -9.068244E-20   3.042827E-04   4.683817E-20  -6.203917E-17  -6.798951E-11  -2.915498E-11  -2.916712E-11   2.457668E+01   4.757728E-15  -5.013489E-12
            124   0.000000E+00   0.000000E+00   0.000000E+00  -1.260963E-03   8.144394E-20   5.580091E-20   2.547308E-04   1.018421E-19  -4.438476E-04  -3.564645E+02  -1.527705E+02  -1.527705E+02   2.057441E+01   7.955477E-15  -3.584923E+01
            125   0.000000E+00   0.000000E+00   0.000000E+00  -2.286074E-03  -2.729847E-19  -8.678098E-20  -3.751090E-04  -9.977284E-20  -4.297981E-04  -6.462556E+02  -2.769667E+02  -2.769667E+02  -3.029727E+01  -7.903605E-15  -3.471446E+01
            126  -1.434236E-15   2.138967E-04  -9.826358E-16  -6.059516E-16   1.287626E-16   1.584021E-16   2.126561E-04   7.954982E-05  -7.403229E-17  -1.366498E-10  -1.787370E-11  -1.305622E-11   1.717607E+01   6.425178E+00  -5.972376E-12
            127  -6.481787E-03  -2.029104E-03  -3.196164E-03  -2.696177E-03   7.161551E-04   6.820759E-04  -1.806580E-05   7.381774E-05  -3.140055E-04  -5.927874E+02  -4.156454E+01  -4.706964E+01  -1.459161E+00   5.962202E+00  -2.536198E+01
            128   6.822124E-03  -4.839948E-03   2.020625E-03   1.433198E-03  -3.960984E-04  -4.469682E-04   8.234062E-05  -8.722628E-06  -6.711888E-05   3.030134E+02   7.511592E+00  -7.058307E-01   6.650589E+00  -7.045199E-01  -5.421141E+00
            129   1.322959E-02  -8.036428E-03   1.880130E-03   2.942128E-03  -9.719058E-04  -7.948952E-04   4.541882E-05  -1.500117E-05  -1.282128E-05   6.176623E+02  -1.460475E+01   1.398928E+01   3.668443E+00  -1.211633E+00  -1.035565E+00
            130   0.000000E+00   0.000000E+00   0.000000E+00   2.286074E-03  -3.065301E-19  -3.641875E-20  -3.751090E-04   1.534201E-20   4.297981E-04   6.462556E+02   2.769667E+02   2.769667E+02  -3.029727E+01   1.157576E-15   3.471446E+01
            131   0.000000E+00   0.000000E+00   0.000000E+00   1.260963E-03  -5.916405E-19   8.400177E-21   2.547308E-04  -1.970609E-19   4.438476E-04   3.564645E+02   1.527705E+02   1.527705E+02   2.057441E+01  -1.956868E-14   3.584923E+01
            132   6.481787E-03  -2.029104E-03   3.196164E-03   2.696177E-03  -7.161551E-04  -6.820759E-04  -1.806580E-05   7.381774E-05   3.140055E-04   5.927874E+02   4.156454E+01   4.706964E+01  -1.459161E+00   5.962202E+00   2.536198E+01
            133  -2.761252E-02  -2.837594E-02   2.164966E-03  -2.859518E-03   8.242061E-04   8.560968E-04   1.507607E-05  -3.459145E-06  -4.085699E-06  -6.047885E+02  -9.725443E+00  -4.573863E+00   1.217682E+00  -2.793925E-01  -3.299987E-01
            134  -1.376549E-02  -2.735078E-02  -3.487714E-15  -1.436259E-03   4.281717E-04   4.376034E-04  -1.050844E-05   9.419006E-19   1.559053E-16  -3.011273E+02   4.991312E-02   1.573507E+00  -8.487589E-01   7.573109E-14   1.259223E-11
            135   3.280130E-15  -2.623671E-02  -7.284821E-15   2.909655E-16  -9.441707E-17  -8.958297E-17  -2.665170E-06  -6.084155E-06  -5.465526E-17   5.997647E-11  -2.294609E-12  -1.497691E-12  -2.152637E-01  -4.914125E-01  -4.414364E-12
            136  -1.380138E-02  -2.522608E-02   2.138570E-03  -1.405745E-03   4.215839E-04   4.178245E-04   1.780890E-06  -6.599838E-06  -3.535453E-06  -2.956956E+02  -5.118107E-01  -1.119096E+00   1.438411E-01  -5.330638E-01  -2.855558E-01
            137   4.931202E-15  -1.274038E-02  -4.724361E-15   5.964458E-16  -1.690644E-16  -1.993160E-16   5.428739E-05  -1.044567E-05  -5.752580E-19   1.239702E-10   2.904343E-13  -4.575895E-12   4.384751E+00  -8.436890E-01  -4.628099E-14
            138  -2.056472E-02  -1.484452E-02   4.226651E-03  -2.830875E-03   8.880548E-04   8.782840E-04   1.537223E-05   1.208564E-05  -1.615653E-05  -5.862679E+02   1.448234E+01   1.290399E+01   1.241603E+00   9.761477E-01  -1.304950E+00
            139   2.709053E-16  -1.474220E-02  -4.222877E-15   4.230452E-17  -1.683224E-17  -1.131950E-17  -2.615291E-05  -3.972585E-19  -7.788496E-17   8.732348E-12  -9.707790E-13  -6.550316E-14  -2.112350E+00  -3.186340E-14  -6.290803E-12
            140  -2.046718E-02  -1.695755E-02   1.433797E-15  -2.835645E-03   9.304959E-04   8.123765E-04   2.377120E-05   5.254569E-18   5.058311E-16  -5.904593E+02   1.791729E+01  -1.163539E+00   1.919982E+00   4.241052E-13   4.085510E-11
            141   1.376549E-02  -2.735078E-02  -1.060881E-14   1.436259E-03  -4.281717E-04  -4.376034E-04  -1.050844E-05  -2.613838E-18  -3.266676E-16   3.011273E+02  -4.991312E-02  -1.573507E+00  -8.487589E-01  -2.114559E-13  -2.638434E-11
            142   2.761252E-02  -2.837594E-02  -2.164966E-03   2.859518E-03  -8.242061E-04  -8.560968E-04   1.507607E-05  -3.459145E-06   4.085699E-06   6.047885E+02   9.725443E+00   4.573863E+00   1.217682E+00  -2.793925E-01   3.299987E-01
            143   1.380138E-02  -2.522608E-02  -2.138570E-03   1.405745E-03  -4.215839E-04  -4.178245E-04   1.780890E-06  -6.599838E-06   3.535453E-06   2.956956E+02   5.118107E-01   1.119096E+00   1.438411E-01  -5.330638E-01   2.855558E-01
            144   2.056472E-02  -1.484452E-02  -4.226651E-03   2.830875E-03  -8.880548E-04  -8.782840E-04   1.537223E-05   1.208564E-05   1.615653E-05   5.862679E+02  -1.448234E+01  -1.290399E+01   1.241603E+00   9.761477E-01   1.304950E+00
            145   2.046718E-02  -1.695755E-02  -9.122508E-15   2.835645E-03  -9.304959E-04  -8.123765E-04   2.377120E-05  -2.289954E-18  -6.646227E-16   5.904593E+02  -1.791729E+01   1.163539E+00   1.919982E+00  -1.848244E-13  -5.368128E-11
            146  -2.761252E-02  -2.837594E-02  -2.164966E-03  -2.859518E-03   8.242061E-04   8.560968E-04   1.507607E-05   3.459145E-06   4.085699E-06  -6.047885E+02  -9.725443E+00  -4.573863E+00   1.217682E+00   2.793925E-01   3.299987E-01
            147  -1.380138E-02  -2.522608E-02  -2.138570E-03  -1.405745E-03   4.215839E-04   4.178245E-04   1.780890E-06   6.599838E-06   3.535453E-06  -2.956956E+02  -5.118107E-01  -1.119096E+00   1.438411E-01   5.330638E-01   2.855558E-01
            148  -2.587889E-15  -2.623671E-02  -7.219422E-15  -2.178489E-16   5.663432E-17   6.462090E-17  -2.665170E-06   6.084155E-06  -5.091529E-17  -4.692891E-11  -2.577938E-12  -1.280309E-12  -2.152637E-01   4.914125E-01  -4.112305E-12
            149  -4.415942E-15  -1.274038E-02  -4.614801E-15  -5.224486E-16   1.422270E-16   1.777346E-16   5.428739E-05   1.044567E-05  -5.817664E-18  -1.086429E-10  -1.433520E-12   4.283240E-12   4.384751E+00   8.436890E-01  -4.703631E-13
            150  -2.056472E-02  -1.484452E-02  -4.226651E-03  -2.830875E-03   8.880548E-04   8.782840E-04   1.537223E-05  -1.208564E-05   1.615653E-05  -5.862679E+02   1.448234E+01   1.290399E+01   1.241603E+00  -9.761477E-01   1.304950E+00
            151   1.380138E-02  -2.522608E-02   2.138570E-03   1.405745E-03  -4.215839E-04  -4.178245E-04   1.780890E-06   6.599838E-06  -3.535453E-06   2.956956E+02   5.118107E-01   1.119096E+00   1.438411E-01   5.330638E-01  -2.855558E-01
            152   2.761252E-02  -2.837594E-02   2.164966E-03   2.859518E-03  -8.242061E-04  -8.560968E-04   1.507607E-05   3.459145E-06  -4.085699E-06   6.047885E+02   9.725443E+00   4.573863E+00   1.217682E+00   2.793925E-01  -3.299987E-01
            153   2.056472E-02  -1.484452E-02   4.226651E-03   2.830875E-03  -8.880548E-04  -8.782840E-04   1.537223E-05  -1.208564E-05  -1.615653E-05   5.862679E+02  -1.448234E+01  -1.290399E+01   1.241603E+00  -9.761477E-01  -1.304950E+00
            154  -4.186075E-02  -6.314669E-02   2.139020E-03  -2.857598E-03   8.649945E-04   8.570305E-04  -2.571048E-06   9.272413E-07  -1.437934E-06  -5.991909E+02   2.150877E+00   8.643840E-01  -2.076616E-01   7.489257E-02  -1.161408E-01
            155  -2.093620E-02  -6.206112E-02  -9.378500E-15  -1.429656E-03   4.299475E-04   4.275529E-04   1.870097E-06  -6.524536E-18   1.421110E-16  -3.002633E+02   1.341862E-01  -2.526181E-01   1.510463E-01  -5.269708E-13   1.147824E-11
            156   4.605042E-15  -6.100321E-02  -1.492504E-14   2.442924E-16  -8.359008E-17  -7.085392E-17  -1.392022E-07  -9.820739E-08  -4.621636E-17   5.030820E-11  -2.623568E-12  -5.642153E-13  -1.124325E-02  -7.932136E-03  -3.732897E-12
            157  -2.093499E-02  -5.992004E-02   2.144878E-03  -1.432285E-03   4.297380E-04   4.303983E-04   7.481563E-07   1.191212E-06  -6.597814E-07  -3.006872E+02   1.011822E-01   2.078392E-01   6.042801E-02   9.621324E-02  -5.329004E-02
            158   7.666229E-15  -4.023721E-02  -1.109538E-14   5.012655E-16  -1.551553E-16  -1.418277E-16  -1.494812E-06  -3.616803E-06  -4.380012E-19   1.056113E-10  -3.181899E-13   1.817768E-12  -1.207348E-01  -2.921264E-01  -3.538236E-14
            159  -3.472684E-02  -4.238064E-02   4.288780E-03  -2.845057E-03   8.460909E-04   8.492891E-04  -9.601440E-07  -1.862740E-06   2.548064E-06  -5.988739E+02  -2.611572E+00  -2.094936E+00  -7.755009E-02  -1.504521E-01   2.058052E-01
            160   4.546076E-16  -4.237730E-02  -1.069969E-14   3.302430E-17  -1.917005E-17  -1.166766E-17  -6.029292E-06  -3.213008E-18  -7.668887E-17   5.557610E-12  -2.820078E-12  -1.617873E-12  -4.869813E-01  -2.595354E-13  -6.194055E-12
            161  -3.471878E-02  -4.451755E-02  -1.422637E-15  -2.861105E-03   8.433044E-04   8.662227E-04  -3.221199E-06  -8.576103E-18   4.820822E-16  -6.016966E+02  -3.291996E+00   4.101958E-01  -2.601738E-01  -6.926855E-13   3.893733E-11
            162   2.093620E-02  -6.206112E-02  -2.012964E-14   1.429656E-03  -4.299475E-04  -4.275529E-04   1.870097E-06  -8.740321E-18  -3.108457E-16   3.002633E+02  -1.341862E-01   2.526181E-01   1.510463E-01  -7.058971E-13  -2.510670E-11
            163   4.186075E-02  -6.314669E-02  -2.139020E-03   2.857598E-03  -8.649945E-04  -8.570305E-04  -2.571048E-06   9.272413E-07   1.437934E-06   5.991909E+02  -2.150877E+00  -8.643840E-01  -2.076616E-01   7.489257E-02   1.161408E-01
            164   2.093499E-02  -5.992004E-02  -2.144878E-03   1.432285E-03  -4.297380E-04  -4.303983E-04   7.481563E-07   1.191212E-06   6.597814E-07   3.006872E+02  -1.011822E-01  -2.078392E-01   6.042801E-02   9.621324E-02   5.329004E-02
            165   3.472684E-02  -4.238064E-02  -4.288780E-03   2.845057E-03  -8.460909E-04  -8.492891E-04  -9.601440E-07  -1.862740E-06  -2.548064E-06   5.988739E+02   2.611572E+00   2.094936E+00  -7.755009E-02  -1.504521E-01  -2.058052E-01
            166   3.471878E-02  -4.451755E-02  -1.930812E-14   2.861105E-03  -8.433044E-04  -8.662227E-04  -3.221199E-06  -4.364602E-18  -6.592983E-16   6.016966E+02   3.291996E+00  -4.101958E-01  -2.601738E-01  -3.524819E-13  -5.325126E-11
            167  -4.186075E-02  -6.314669E-02  -2.139020E-03  -2.857598E-03   8.649945E-04   8.570305E-04  -2.571048E-06  -9.272413E-07   1.437934E-06  -5.991909E+02   2.150877E+00   8.643840E-01  -2.076616E-01  -7.489257E-02   1.161408E-01
            168  -2.093499E-02  -5.992004E-02  -2.144878E-03  -1.432285E-03   4.297380E-04   4.303983E-04   7.481563E-07  -1.191212E-06   6.597814E-07  -3.006872E+02   1.011822E-01   2.078392E-01   6.042801E-02  -9.621324E-02   5.329004E-02
            169  -3.564758E-15  -6.100321E-02  -1.486647E-14  -1.754816E-16   6.256355E-17   4.789327E-17  -1.392022E-07   9.820739E-08  -4.542967E-17  -3.626580E-11   2.203793E-12  -1.676159E-13  -1.124325E-02   7.932136E-03  -3.669333E-12
            170  -6.772534E-15  -4.023721E-02  -1.098831E-14  -4.271191E-16   1.262376E-16   1.219589E-16  -1.494812E-06   3.616803E-06  -1.434850E-17  -9.054779E-11  -1.239009E-12  -1.908695E-12  -1.207348E-01   2.921264E-01  -1.158864E-12
            171  -3.472684E-02  -4.238064E-02  -4.288780E-03  -2.845057E-03   8.460909E-04   8.492891E-04  -9.601440E-07   1.862740E-06  -2.548064E-06  -5.988739E+02  -2.611572E+00  -2.094936E+00  -7.755009E-02   1.504521E-01  -2.058052E-01
            172   2.093499E-02  -5.992004E-02   2.144878E-03   1.432285E-03  -4.297380E-04  -4.303983E-04   7.481563E-07  -1.191212E-06  -6.597814E-07   3.006872E+02  -1.011822E-01  -2.078392E-01   6.042801E-02  -9.621324E-02  -5.329004E-02
            173   4.186075E-02  -6.314669E-02   2.139020E-03   2.857598E-03  -8.649945E-04  -8.570305E-04  -2.571048E-06  -9.272413E-07  -1.437934E-06   5.991909E+02  -2.150877E+00  -8.643840E-01  -2.076616E-01  -7.489257E-02  -1.161408E-01
            174   3.472684E-02  -4.238064E-02   4.288780E-03   2.845057E-03  -8.460909E-04  -8.492891E-04  -9.601440E-07   1.862740E-06   2.548064E-06   5.988739E+02   2.611572E+00   2.094936E+00  -7.755009E-02   1.504521E-01   2.058052E-01
            175  -5.615561E-02  -1.121465E-01   2.143912E-03  -2.857056E-03   8.553032E-04   8.572719E-04   5.517290E-07  -2.557425E-07   2.109848E-07  -6.001827E+02  -4.939300E-01  -1.759063E-01   4.456272E-02  -2.065613E-02   1.704108E-02
            176  -2.807641E-02  -1.110783E-01  -1.742594E-14  -1.428229E-03   4.282530E-04   4.287830E-04  -4.443311E-07   8.623788E-18   1.365934E-16  -2.999162E+02  -2.290065E-02   6.271045E-02  -3.588828E-02   6.965348E-13   1.103255E-11
            177   5.642898E-15  -1.100038E-01  -2.464116E-14   1.693962E-16  -6.615767E-17  -4.500796E-17   8.648000E-08   2.343910E-09  -4.881442E-17   3.441057E-11  -3.641823E-12  -2.225164E-13   6.984923E-03   1.893158E-04  -3.942702E-12
            178  -2.807698E-02  -1.089352E-01   2.142450E-03  -1.427847E-03   4.281854E-04   4.281970E-04  -1.542167E-07  -3.413350E-07  -3.067154E-08  -2.998873E+02  -6.670465E-02  -6.483251E-02  -1.245597E-02  -2.756936E-02  -2.477316E-03
            179   9.896744E-15  -8.210846E-02  -1.977451E-14   3.743973E-16  -1.312761E-16  -1.123938E-16   9.791625E-07   6.529494E-07   8.004901E-19   7.626819E-11  -5.398182E-12  -2.350869E-12   7.908620E-02   5.273822E-02   6.466519E-14
            180  -4.901090E-02  -8.425151E-02   4.284716E-03  -2.859118E-03   8.598157E-04   8.580730E-04   3.015725E-07   5.036813E-07  -2.420887E-07  -6.001218E+02   6.289858E-01   3.474709E-01   2.435778E-02   4.068195E-02  -1.955332E-02
            181   6.085949E-16  -8.425073E-02  -1.946061E-14   3.061161E-17  -1.623106E-17  -1.352916E-17   8.248672E-07  -2.317959E-18  -7.705618E-17   5.058412E-12  -2.525563E-12  -2.082806E-12   6.662389E-02  -1.872148E-13  -6.223770E-12
            182  -4.901009E-02  -8.639438E-02  -6.696083E-15  -2.858294E-03   8.605974E-04   8.558136E-04   3.980098E-07  -7.310410E-18   4.562091E-16  -6.000678E+02   6.761076E-01  -9.665386E-02   3.214694E-02  -5.904491E-13   3.684764E-11
            183   2.807641E-02  -1.110783E-01  -3.158800E-14   1.428229E-03  -4.282530E-04  -4.287830E-04  -4.443311E-07  -1.611348E-19  -2.921532E-16   2.999162E+02   2.290065E-02  -6.271045E-02  -3.588828E-02  -1.302517E-14  -2.359698E-11
            184   5.615561E-02  -1.121465E-01  -2.143912E-03   2.857056E-03  -8.553032E-04  -8.572719E-04   5.517290E-07  -2.557425E-07  -2.109848E-07   6.001827E+02   4.939300E-01   1.759063E-01   4.456272E-02  -2.065613E-02  -1.704108E-02
            185   2.807698E-02  -1.089352E-01  -2.142450E-03   1.427847E-03  -4.281854E-04  -4.281970E-04  -1.542167E-07  -3.413350E-07   3.067154E-08   2.998873E+02   6.670465E-02   6.483251E-02  -1.245597E-02  -2.756936E-02   2.477316E-03
            186   4.901090E-02  -8.425151E-02  -4.284716E-03   2.859118E-03  -8.598157E-04  -8.580730E-04   3.015725E-07   5.036813E-07   2.420887E-07   6.001218E+02  -6.289858E-01  -3.474709E-01   2.435778E-02   4.068195E-02   1.955332E-02
            187   4.901009E-02  -8.639438E-02  -3.166433E-14   2.858294E-03  -8.605974E-04  -8.558136E-04   3.980098E-07  -3.772407E-18  -6.261149E-16   6.000678E+02  -6.761076E-01   9.665386E-02   3.214694E-02  -3.046673E-13  -5.057081E-11
            188  -5.615561E-02  -1.121465E-01  -2.143912E-03  -2.857056E-03   8.553032E-04   8.572719E-04   5.517290E-07   2.557425E-07  -2.109848E-07  -6.001827E+02  -4.939300E-01  -1.759063E-01   4.456272E-02   2.065613E-02  -1.704108E-02
            189  -2.807698E-02  -1.089352E-01  -2.142450E-03  -1.427847E-03   4.281854E-04   4.281970E-04  -1.542167E-07   3.413350E-07   3.067154E-08  -2.998873E+02  -6.670465E-02  -6.483251E-02  -1.245597E-02   2.756936E-02   2.477316E-03
            190  -4.297127E-15  -1.100038E-01  -2.458074E-14  -1.270019E-16   5.163645E-17   2.424425E-17   8.648000E-08  -2.343910E-09  -4.630552E-17  -2.673217E-11   2.166337E-12  -2.256417E-12   6.984923E-03  -1.893158E-04  -3.740064E-12
            191  -8.677198E-15  -8.210846E-02  -1.966150E-14  -3.247672E-16   1.037228E-16   9.366865E-17   9.791625E-07  -6.529494E-07  -7.520123E-18  -6.777157E-11   1.375233E-12  -2.374212E-13   7.908620E-02  -5.273822E-02  -6.073949E-13
            192  -4.901090E-02  -8.425151E-02  -4.284716E-03  -2.859118E-03   8.598157E-04   8.580730E-04   3.015725E-07  -5.036813E-07   2.420887E-07  -6.001218E+02   6.289858E-01   3.474709E-01   2.435778E-02  -4.068195E-02   1.955332E-02
            193   2.807698E-02  -1.089352E-01   2.142450E-03   1.427847E-03  -4.281854E-04  -4.281970E-04  -1.542167E-07   3.413350E-07  -3.067154E-08   2.998873E+02   6.670465E-02   6.483251E-02  -1.245597E-02   2.756936E-02  -2.477316E-03
            194   5.615561E-02  -1.121465E-01   2.143912E-03   2.857056E-03  -8.553032E-04  -8.572719E-04   5.517290E-07   2.557425E-07   2.109848E-07   6.001827E+02   4.939300E-01   1.759063E-01   4.456272E-02   2.065613E-02   1.704108E-02
            195   4.901090E-02  -8.425151E-02   4.284716E-03   2.859118E-03  -8.598157E-04  -8.580730E-04   3.015725E-07  -5.036813E-07  -2.420887E-07   6.001218E+02  -6.289858E-01  -3.474709E-01   2.435778E-02  -4.068195E-02  -1.955332E-02
            196  -7.043915E-02  -1.754457E-01   2.142656E-03  -2.857178E-03   8.574123E-04   8.571072E-04  -1.702890E-07   6.747830E-08  -6.736918E-08  -5.999815E+02   6.761927E-02   1.833727E-02  -1.375412E-02   5.450171E-03  -5.441357E-03
            197  -3.521999E-02  -1.743738E-01  -2.694348E-14  -1.428603E-03   4.286264E-04   4.285597E-04   1.235753E-07  -4.551943E-17   1.151556E-16  -3.000037E+02   1.027101E-02  -5.002435E-04   9.981083E-03  -3.676569E-12   9.301028E-12
            198   6.443556E-15  -1.733029E-01  -3.589405E-14   1.516195E-16  -4.312335E-17  -5.491503E-17  -2.123856E-08  -2.086316E-08  -5.649207E-17   3.101573E-11  -4.556217E-13  -2.365826E-12  -1.715422E-03  -1.685101E-03  -4.562821E-12
            199  -3.521981E-02  -1.722310E-01   2.143022E-03  -1.428673E-03   4.286531E-04   4.286492E-04   4.655670E-08   7.523809E-08   2.891725E-09  -3.000093E+02   2.023072E-02   1.960075E-02   3.760349E-03   6.076923E-03   2.335624E-04
            200   1.147281E-14  -1.382611E-01  -3.022009E-14   2.751287E-16  -1.326282E-16  -6.770222E-17  -1.562729E-07  -1.780267E-07  -2.554384E-17   5.351056E-11  -1.238622E-11  -1.923003E-12  -1.262204E-02  -1.437908E-02  -2.063159E-12
            201  -6.329693E-02  -1.404037E-01   4.286173E-03  -2.856564E-03   8.564212E-04   8.569865E-04  -8.683239E-08  -1.322966E-07  -5.736757E-08  -5.999427E+02  -1.528010E-01  -6.149393E-02  -7.013385E-03  -1.068549E-02  -4.633534E-03
            202   7.419018E-16  -1.404040E-01  -2.996354E-14   2.985982E-17   2.502260E-17  -2.622712E-17  -1.905326E-07  -1.397644E-18  -6.485001E-17   8.284616E-12   7.467499E-12  -7.928970E-13  -1.538917E-02  -1.128837E-13  -5.237886E-12
            203  -6.329707E-02  -1.425467E-01  -1.391879E-14  -2.856798E-03   8.562816E-04   8.574829E-04  -7.327758E-08  -8.416338E-18   4.232788E-16  -5.999657E+02  -1.605266E-01   3.353685E-02  -5.918574E-03  -6.797814E-13   3.418790E-11
            204   3.521999E-02  -1.743738E-01  -4.436816E-14   1.428603E-03  -4.286264E-04  -4.285597E-04   1.235753E-07  -7.068556E-18  -2.753676E-16   3.000037E+02  -1.027101E-02   5.002435E-04   9.981083E-03  -5.709213E-13  -2.224122E-11
            205   7.043915E-02  -1.754457E-01  -2.142656E-03   2.857178E-03  -8.574123E-04  -8.571072E-04  -1.702890E-07   6.747830E-08   6.736918E-08   5.999815E+02  -6.761927E-02  -1.833727E-02  -1.375412E-02   5.450171E-03   5.441357E-03
            206   3.521981E-02  -1.722310E-01  -2.143022E-03   1.428673E-03  -4.286531E-04  -4.286492E-04   4.655670E-08   7.523809E-08  -2.891725E-09   3.000093E+02  -2.023072E-02  -1.960075E-02   3.760349E-03   6.076923E-03  -2.335624E-04
            207   6.329693E-02  -1.404037E-01  -4.286173E-03   2.856564E-03  -8.564212E-04  -8.569865E-04  -8.683239E-08  -1.322966E-07   5.736757E-08   5.999427E+02   1.528010E-01   6.149393E-02  -7.013385E-03  -1.068549E-02   4.633534E-03
            208   6.329707E-02  -1.425467E-01  -4.557454E-14   2.856798E-03  -8.562816E-04  -8.574829E-04  -7.327758E-08  -7.310515E-18  -5.867612E-16   5.999657E+02   1.605266E-01  -3.353685E-02  -5.918574E-03  -5.904660E-13  -4.739225E-11
            209  -7.043915E-02  -1.754457E-01  -2.142656E-03  -2.857178E-03   8.574123E-04   8.571072E-04  -1.702890E-07  -6.747830E-08   6.736918E-08  -5.999815E+02   6.761927E-02   1.833727E-02  -1.375412E-02  -5.450171E-03   5.441357E-03
            210  -3.521981E-02  -1.722310E-01  -2.143022E-03  -1.428673E-03   4.286531E-04   4.286492E-04   4.655670E-08  -7.523809E-08  -2.891725E-09  -3.000093E+02   2.023072E-02   1.960075E-02   3.760348E-03  -6.076923E-03  -2.335624E-04
            211  -4.778515E-15  -1.733029E-01  -3.570266E-14  -4.333397E-17   1.463445E-17   8.327627E-18  -2.123856E-08   2.086316E-08  -5.401066E-17  -9.570785E-12  -1.091661E-13  -1.150543E-12  -1.715422E-03   1.685101E-03  -4.362399E-12
            212  -1.003758E-14  -1.382611E-01  -3.012536E-14  -2.170506E-16   3.359592E-17   8.221484E-17  -1.562729E-07   1.780267E-07  -8.392101E-18  -4.734903E-11  -6.884895E-12   9.414761E-13  -1.262204E-02   1.437908E-02  -6.778235E-13
            213  -6.329693E-02  -1.404037E-01  -4.286173E-03  -2.856564E-03   8.564212E-04   8.569865E-04  -8.683239E-08   1.322966E-07   5.736757E-08  -5.999427E+02  -1.528010E-01  -6.149393E-02  -7.013385E-03   1.068549E-02   4.633534E-03
            214   3.521981E-02  -1.722310E-01   2.143022E-03   1.428673E-03  -4.286531E-04  -4.286492E-04   4.655670E-08  -7.523809E-08   2.891725E-09   3.000093E+02  -2.023072E-02  -1.960075E-02   3.760348E-03  -6.076923E-03   2.335624E-04
            215   7.043915E-02  -1.754457E-01   2.142656E-03   2.857178E-03  -8.574123E-04  -8.571072E-04  -1.702890E-07  -6.747830E-08  -6.736918E-08   5.999815E+02  -6.761927E-02  -1.833727E-02  -1.375412E-02  -5.450171E-03  -5.441357E-03
            216   6.329693E-02  -1.404037E-01   4.286173E-03   2.856564E-03  -8.564212E-04  -8.569865E-04  -8.683239E-08   1.322966E-07  -5.736757E-08   5.999427E+02   1.528010E-01   6.149393E-02  -7.013385E-03   1.068549E-02  -4.633534E-03
            217  -8.472620E-02  -2.530288E-01   2.142957E-03  -2.857132E-03   8.577747E-04   8.572547E-04   3.109859E-07  -8.731262E-08   3.401476E-08  -5.999068E+02   1.934905E-01   1.094851E-01   2.511810E-02  -7.052173E-03   2.747346E-03
            218  -4.236236E-02  -2.519563E-01  -3.769367E-14  -1.428731E-03   4.286355E-04   4.284421E-04  -1.077112E-07  -4.166616E-17   1.231255E-16  -3.000529E+02  -1.683665E-02  -4.808555E-02  -8.699754E-03  -3.365342E-12   9.944754E-12
            219   6.976987E-15  -2.508855E-01  -4.805166E-14   7.508853E-17  -1.350691E-17  -2.571392E-17  -6.054177E-08   9.402141E-08  -4.230653E-17   1.648674E-11   2.161521E-12   2.055786E-13  -4.889912E-03   7.594037E-03  -3.417068E-12
            220  -4.236260E-02  -2.498135E-01   2.142569E-03  -1.428806E-03   4.285440E-04   4.285855E-04  -1.260686E-07  -7.196377E-09   1.445869E-07  -3.000679E+02  -3.444544E-02  -2.774184E-02  -1.018246E-02  -5.812458E-04   1.167817E-02
            221   1.273776E-14  -2.087012E-01  -4.190261E-14   2.105498E-16  -1.278026E-16  -1.724343E-17  -9.365770E-08   1.158549E-07  -2.042969E-18   4.206348E-11  -1.268565E-11   5.166034E-12  -7.564660E-03   9.357509E-03  -1.650086E-13
            222  -7.758256E-02  -2.108439E-01   4.285736E-03  -2.857466E-03   8.574625E-04   8.572636E-04   4.577565E-08   2.709964E-09   9.643707E-08  -6.000379E+02   6.586839E-02   3.375023E-02   3.697264E-03   2.188817E-04   7.789148E-03
            223   9.094283E-16  -2.108440E-01  -4.176619E-14   1.700738E-17   4.686032E-17  -3.182184E-17  -8.475570E-08  -2.580999E-18  -6.438601E-17   6.615403E-12   1.142383E-11  -1.281720E-12  -6.845653E-03  -2.084665E-13  -5.200409E-12
            224  -7.758258E-02  -2.129869E-01  -2.262245E-14  -2.857388E-03   8.575911E-04   8.570307E-04   2.005554E-08  -2.614114E-17   4.116725E-16  -6.000286E+02   8.341736E-02  -7.107903E-03   1.619871E-03  -2.111398E-12   3.325047E-11
            225   4.236236E-02  -2.519563E-01  -5.810187E-14   1.428731E-03  -4.286355E-04  -4.284421E-04  -1.077112E-07  -3.139673E-17  -2.631306E-16   3.000529E+02   1.683665E-02   4.808555E-02  -8.699754E-03  -2.535892E-12  -2.125286E-11
            226   8.472620E-02  -2.530288E-01  -2.142957E-03   2.857132E-03  -8.577747E-04  -8.572547E-04   3.109859E-07  -8.731262E-08  -3.401476E-08   5.999068E+02  -1.934905E-01  -1.094851E-01   2.511810E-02  -7.052173E-03  -2.747346E-03
            227   4.236260E-02  -2.498135E-01  -2.142569E-03   1.428806E-03  -4.285440E-04  -4.285855E-04  -1.260686E-07  -7.196377E-09  -1.445869E-07   3.000679E+02   3.444544E-02   2.774184E-02  -1.018246E-02  -5.812458E-04  -1.167817E-02
            228   7.758256E-02  -2.108439E-01  -4.285736E-03   2.857466E-03  -8.574625E-04  -8.572636E-04   4.577565E-08   2.709964E-09  -9.643707E-08   6.000379E+02  -6.586839E-02  -3.375023E-02   3.697264E-03   2.188817E-04  -7.789148E-03
            229   7.758258E-02  -2.129869E-01  -6.056282E-14   2.857388E-03  -8.575911E-04  -8.570307E-04   2.005554E-08   2.284451E-17  -5.751814E-16   6.000286E+02  -8.341736E-02   7.107903E-03   1.619871E-03   1.845133E-12  -4.645696E-11
            230  -8.472620E-02  -2.530288E-01  -2.142957E-03  -2.857132E-03   8.577747E-04   8.572547E-04   3.109859E-07   8.731262E-08  -3.401476E-08  -5.999068E+02   1.934905E-01   1.094851E-01   2.511810E-02   7.052173E-03  -2.747346E-03
            231  -4.236260E-02  -2.498135E-01  -2.142569E-03  -1.428806E-03   4.285440E-04   4.285855E-04  -1.260686E-07   7.196377E-09  -1.445869E-07  -3.000679E+02  -3.444544E-02  -2.774184E-02  -1.018246E-02   5.812458E-04  -1.167817E-02
            232  -5.082138E-15  -2.508855E-01  -4.791605E-14  -6.692494E-17   1.148077E-16  -1.015943E-17  -6.054177E-08  -9.402141E-08  -3.152661E-17  -6.265670E-12   2.308877E-11   2.896985E-12  -4.889912E-03  -7.594037E-03  -2.546380E-12
            233  -1.079549E-14  -2.087012E-01  -4.182821E-14  -1.352856E-16   8.288313E-17   5.059139E-17  -9.365770E-08  -1.158549E-07  -2.384358E-17  -2.206860E-11   1.314134E-11   7.921660E-12  -7.564660E-03  -9.357509E-03  -1.925828E-12
            234  -7.758256E-02  -2.108439E-01  -4.285736E-03  -2.857466E-03   8.574625E-04   8.572636E-04   4.577565E-08  -2.709964E-09  -9.643707E-08  -6.000379E+02   6.586839E-02   3.375023E-02   3.697264E-03  -2.188817E-04  -7.789148E-03
            235   4.236260E-02  -2.498135E-01   2.142569E-03   1.428806E-03  -4.285440E-04  -4.285855E-04  -1.260686E-07   7.196377E-09   1.445869E-07   3.000679E+02   3.444544E-02   2.774184E-02  -1.018246E-02   5.812458E-04   1.167817E-02
            236   8.472620E-02  -2.530288E-01   2.142957E-03   2.857132E-03  -8.577747E-04  -8.572547E-04   3.109859E-07   8.731262E-08   3.401476E-08   5.999068E+02  -1.934905E-01  -1.094851E-01   2.511810E-02   7.052173E-03   2.747346E-03
            237   7.758256E-02  -2.108439E-01   4.285736E-03   2.857466E-03  -8.574625E-04  -8.572636E-04   4.577565E-08  -2.709964E-09   9.643707E-08   6.000379E+02  -6.586839E-02  -3.375023E-02   3.697264E-03  -2.188817E-04   7.789148E-03
            238  -9.900800E-02  -3.448921E-01   2.142053E-03  -2.856733E-03   8.540640E-04   8.562094E-04  -1.695713E-06   6.363959E-07   1.809934E-07  -6.003701E+02  -9.337536E-01  -5.871837E-01  -1.369615E-01   5.140121E-02   1.461869E-02
            239  -4.950711E-02  -3.438257E-01  -4.908794E-14  -1.428650E-03   4.284366E-04   4.295470E-04   3.270885E-07   3.917468E-17   1.406599E-16  -2.999202E+02   7.061174E-02   2.499883E-01   2.641868E-02   3.164113E-12   1.136101E-11
            240   7.255230E-15  -3.427512E-01  -6.098767E-14   3.825198E-17   2.888245E-17  -7.216029E-17   7.416658E-07  -7.581616E-07  -1.400373E-17   5.536294E-12   4.064998E-12  -1.226851E-11   5.990378E-02  -6.123613E-02  -1.131084E-12
            241  -4.950558E-02  -3.416833E-01   2.144675E-03  -1.427678E-03   4.289688E-04   4.283231E-04   5.028249E-07   3.217047E-08  -7.819096E-07  -2.997294E+02   1.904671E-01   8.615225E-02   4.061278E-02   2.598384E-03  -6.315423E-02
            242   1.345824E-14  -2.934253E-01  -5.449799E-14   9.080860E-17  -7.343839E-17   2.073571E-17   5.480306E-07  -4.939829E-07  -1.764050E-17   1.910634E-11  -7.305656E-12   7.904399E-12   4.426401E-02  -3.989862E-02  -1.424812E-12
            243  -9.186777E-02  -2.955703E-01   4.284323E-03  -2.856160E-03   8.566352E-04   8.563242E-04  -2.644168E-07   2.908742E-07  -5.749095E-07  -5.998829E+02  -1.236216E-01  -1.738590E-01  -2.135675E-02   2.349369E-02  -4.643500E-02
            244   1.031811E-15  -2.955684E-01  -5.429404E-14   2.230285E-17   1.587052E-16  -9.694665E-17   5.852700E-07  -1.753841E-18  -5.065249E-17   1.379567E-11   3.583302E-11  -5.468653E-12   4.727181E-02  -1.416588E-13  -4.091160E-12
            245  -9.186789E-02  -2.977114E-01  -3.228576E-14  -2.856698E-03   8.559469E-04   8.574048E-04   3.184303E-08   4.287187E-17   3.778012E-16  -5.999875E+02  -2.525173E-01  -1.700764E-02   2.571937E-03   3.462720E-12   3.051471E-11
            246   4.950711E-02  -3.438257E-01  -7.238979E-14   1.428650E-03  -4.284366E-04  -4.295470E-04   3.270885E-07  -4.317540E-17  -2.343141E-16   2.999202E+02  -7.061174E-02  -2.499883E-01   2.641868E-02  -3.487255E-12  -1.892537E-11
            247   9.900800E-02  -3.448921E-01  -2.142053E-03   2.856733E-03  -8.540640E-04  -8.562094E-04  -1.695713E-06   6.363959E-07  -1.809934E-07   6.003701E+02   9.337536E-01   5.871837E-01  -1.369615E-01   5.140121E-02  -1.461869E-02
            248   4.950558E-02  -3.416833E-01  -2.144675E-03   1.427678E-03  -4.289688E-04  -4.283231E-04   5.028249E-07   3.217047E-08   7.819096E-07   2.997294E+02  -1.904671E-01  -8.615225E-02   4.061278E-02   2.598384E-03   6.315423E-02
            249   9.186777E-02  -2.955703E-01  -4.284323E-03   2.856160E-03  -8.566352E-04  -8.563242E-04  -2.644168E-07   2.908742E-07   5.749095E-07   5.998829E+02   1.236216E-01   1.738590E-01  -2.135675E-02   2.349369E-02   4.643500E-02
            250   9.186789E-02  -2.977114E-01  -7.617642E-14   2.856698E-03  -8.559469E-04  -8.574048E-04   3.184303E-08   1.315085E-18  -5.254511E-16   5.999875E+02   2.525173E-01   1.700764E-02   2.571937E-03   1.062223E-13  -4.244029E-11
            251  -9.900800E-02  -3.448921E-01  -2.142053E-03  -2.856733E-03   8.540640E-04   8.562094E-04  -1.695713E-06  -6.363959E-07  -1.809934E-07  -6.003701E+02  -9.337536E-01  -5.871837E-01  -1.369615E-01  -5.140121E-02  -1.461869E-02
            252  -4.950558E-02  -3.416833E-01  -2.144675E-03  -1.427678E-03   4.289688E-04   4.283231E-04   5.028249E-07  -3.217047E-08   7.819096E-07  -2.997294E+02   1.904671E-01   8.615225E-02   4.061278E-02  -2.598384E-03   6.315423E-02
            253  -5.246947E-15  -3.427512E-01  -6.053509E-14  -4.043554E-17   8.958771E-17   7.149623E-18   7.416658E-07   7.581616E-07  -4.444290E-17   3.656658E-13   2.135589E-11   8.021389E-12   5.990378E-02   6.123613E-02  -3.589621E-12
            254  -1.146382E-14  -2.934253E-01  -5.420199E-14  -8.625273E-17  -3.100977E-17   5.444044E-17   5.480306E-07   4.939829E-07  -1.337356E-17  -2.155383E-11  -1.261241E-11   1.192255E-12   4.426401E-02   3.989862E-02  -1.080175E-12
            255  -9.186777E-02  -2.955703E-01  -4.284323E-03  -2.856160E-03   8.566352E-04   8.563242E-04  -2.644168E-07  -2.908742E-07   5.749095E-07  -5.998829E+02  -1.236216E-01  -1.738590E-01  -2.135675E-02  -2.349369E-02   4.643500E-02
            256   4.950558E-02  -3.416833E-01   2.144675E-03   1.427678E-03  -4.289688E-04  -4.283231E-04   5.028249E-07  -3.217047E-08  -7.819096E-07   2.997294E+02  -1.904671E-01  -8.615225E-02   4.061278E-02  -2.598384E-03  -6.315423E-02
            257   9.900800E-02  -3.448921E-01   2.142053E-03   2.856733E-03  -8.540640E-04  -8.562094E-04  -1.695713E-06  -6.363959E-07   1.809934E-07   6.003701E+02   9.337536E-01   5.871837E-01  -1.369615E-01  -5.140121E-02   1.461869E-02
            258   9.186777E-02  -2.955703E-01   4.284323E-03   2.856160E-03  -8.566352E-04  -8.563242E-04  -2.644168E-07  -2.908742E-07  -5.749095E-07   5.998829E+02   1.236216E-01   1.738590E-01  -2.135675E-02  -2.349369E-02  -4.643500E-02
            259  -1.133014E-01  -4.510596E-01   2.146452E-03  -2.869364E-03   8.677464E-04   8.620825E-04   1.220026E-05  -4.273471E-06  -1.121214E-06  -6.015718E+02   2.115329E+00   1.200398E+00   9.854053E-01  -3.451650E-01  -9.055963E-02
            260  -5.664842E-02  -4.499677E-01  -6.090531E-14  -1.418974E-03   4.273714E-04   4.225175E-04  -5.794579E-07  -2.395409E-17   1.280792E-16  -2.981659E+02   9.001755E-02  -6.940825E-01  -4.680237E-02  -1.934779E-12   1.034485E-11
            261   7.345689E-15  -4.489163E-01  -7.370389E-14  -5.487986E-17   9.643428E-17   1.060970E-17  -8.912701E-06   3.550113E-06  -1.657465E-17  -2.672085E-12   2.187739E-11   7.997936E-12  -7.198720E-01   2.867399E-01  -1.338722E-12
            262  -5.664772E-02  -4.478295E-01   2.130097E-03  -1.418269E-03   4.229309E-04   4.295212E-04  -1.847739E-06  -1.001791E-06   3.783841E-06  -2.976560E+02  -2.313294E-01   8.332558E-01  -1.492405E-01  -8.091390E-02   3.056179E-01
            263   1.383912E-14  -3.924421E-01  -6.732516E-14   1.383097E-17   7.346994E-17  -7.386159E-18  -2.625403E-06   2.185482E-06   4.242537E-17   1.194289E-11   2.155265E-11   8.483936E-12  -2.120518E-01   1.765197E-01   3.426673E-12
            264  -1.061518E-01  -3.945738E-01   4.293953E-03  -2.859103E-03   8.580848E-04   8.616805E-04   1.008788E-06  -1.790439E-06   3.465729E-06  -5.998902E+02   5.786075E-01   1.159451E+00   8.147902E-02  -1.446124E-01   2.799243E-01
            265   1.027383E-15  -3.945803E-01  -6.719302E-14   1.054189E-17   1.526612E-16  -3.560965E-17  -4.954947E-07  -5.332906E-18  -5.077455E-17   1.706223E-11   4.008693E-11   9.687182E-12  -4.002072E-02  -4.307292E-13  -4.101024E-12
            266  -1.061527E-01  -3.967262E-01  -4.255044E-14  -2.857119E-03   8.624211E-04   8.559008E-04  -1.219812E-06   4.805504E-17   3.740176E-16  -5.995041E+02   1.344587E+00   2.912971E-01  -9.852331E-02   3.881361E-12   3.020911E-11
            267   5.664842E-02  -4.499677E-01  -8.677367E-14   1.418974E-03  -4.273714E-04  -4.225175E-04  -5.794579E-07  -1.820380E-17  -1.917543E-16   2.981659E+02  -9.001755E-02   6.940825E-01  -4.680237E-02  -1.470296E-12  -1.548777E-11
            268   1.133014E-01  -4.510596E-01  -2.146452E-03   2.869364E-03  -8.677464E-04  -8.620825E-04   1.220026E-05  -4.273471E-06   1.121214E-06   6.015718E+02  -2.115329E+00  -1.200398E+00   9.854053E-01  -3.451650E-01   9.055963E-02
            269   5.664772E-02  -4.478295E-01  -2.130097E-03   1.418269E-03  -4.229309E-04  -4.295212E-04  -1.847739E-06  -1.001791E-06  -3.783841E-06   2.976560E+02   2.313294E-01  -8.332558E-01  -1.492405E-01  -8.091390E-02  -3.056179E-01
            270   1.061518E-01  -3.945738E-01  -4.293953E-03   2.859103E-03  -8.580848E-04  -8.616805E-04   1.008788E-06  -1.790439E-06  -3.465729E-06   5.998902E+02  -5.786075E-01  -1.159451E+00   8.147902E-02  -1.446124E-01  -2.799243E-01
            271   1.061527E-01  -3.967262E-01  -9.176574E-14   2.857119E-03  -8.624211E-04  -8.559008E-04  -1.219812E-06   5.651277E-17  -4.585047E-16   5.995041E+02  -1.344587E+00  -2.912971E-01  -9.852331E-02   4.564536E-12  -3.703310E-11
            272  -1.133014E-01  -4.510596E-01  -2.146452E-03  -2.869364E-03   8.677464E-04   8.620825E-04   1.220026E-05   4.273471E-06   1.121214E-06  -6.015718E+02   2.115329E+00   1.200398E+00   9.854053E-01   3.451650E-01   9.055963E-02
            273  -5.664772E-02  -4.478295E-01  -2.130097E-03  -1.418269E-03   4.229309E-04   4.295212E-04  -1.847739E-06   1.001791E-06  -3.783841E-06  -2.976560E+02  -2.313294E-01   8.332558E-01  -1.492405E-01   8.091390E-02  -3.056179E-01
            274  -5.473318E-15  -4.489163E-01  -7.385060E-14  -4.443821E-17   9.673667E-17  -1.978782E-17  -8.912701E-06  -3.550113E-06  -1.896761E-18  -3.229361E-12   1.957889E-11   7.508993E-13  -7.198720E-01  -2.867399E-01  -1.531778E-13
            275  -1.180196E-14  -3.924421E-01  -6.721261E-14  -7.743285E-17  -9.251294E-18   3.285590E-17  -2.625403E-06  -2.185482E-06  -1.155014E-17  -1.907080E-11  -8.005818E-12  -1.179890E-12  -2.120518E-01  -1.765197E-01  -9.328818E-13
            276  -1.061518E-01  -3.945738E-01  -4.293953E-03  -2.859103E-03   8.580848E-04   8.616805E-04   1.008788E-06   1.790439E-06  -3.465729E-06  -5.998902E+02   5.786075E-01   1.159451E+00   8.147902E-02   1.446124E-01  -2.799243E-01
            277   5.664772E-02  -4.478295E-01   2.130097E-03   1.418269E-03  -4.229309E-04  -4.295212E-04  -1.847739E-06   1.001791E-06   3.783841E-06   2.976560E+02   2.313294E-01  -8.332558E-01  -1.492405E-01   8.091390E-02   3.056179E-01
            278   1.133014E-01  -4.510596E-01   2.146452E-03   2.869364E-03  -8.677464E-04  -8.620825E-04   1.220026E-05   4.273471E-06  -1.121214E-06   6.015718E+02  -2.115329E+00  -1.200398E+00   9.854053E-01   3.451650E-01  -9.055963E-02
            279   1.061518E-01  -3.945738E-01   4.293953E-03   2.859103E-03  -8.580848E-04  -8.616805E-04   1.008788E-06   1.790439E-06   3.465729E-06   5.998902E+02  -5.786075E-01  -1.159451E+00   8.147902E-02   1.446124E-01   2.799243E-01
            280  -1.277251E-01  -5.716235E-01   2.056736E-03  -2.682140E-03   8.743457E-04   8.153456E-04  -5.411256E-05   9.520412E-06  -3.378114E-05  -5.535077E+02   2.100150E+01   1.147071E+01  -4.370630E+00   7.689564E-01  -2.728476E+00
            281  -6.369460E-02  -5.704698E-01  -7.272269E-14  -1.569691E-03   4.651268E-04   4.335688E-04  -8.254341E-06   3.361323E-17   1.347850E-16  -3.348591E+02  -6.157795E+00  -1.125563E+01  -6.666968E-01   2.714773E-12   1.088654E-11
            282   7.483148E-15  -5.692848E-01  -8.687619E-14   1.456944E-16  -2.681639E-16  -3.473782E-17   5.974346E-05  -1.177171E-05  -1.168291E-17   4.559908E-12  -6.235634E-11  -2.466827E-11   4.825433E+00  -9.507919E-01  -9.437007E-13
            283  -6.371401E-02  -5.684084E-01   2.131100E-03  -1.599349E-03   4.967309E-04   4.188710E-04  -1.324647E-05   1.170315E-06  -2.359240E-06  -3.411949E+02  -2.597432E+00  -1.517480E+01  -1.069907E+00   9.452541E-02  -1.905540E-01
            284   1.368836E-14  -5.057710E-01  -8.022424E-14   1.725171E-17  -8.775304E-17  -3.656560E-17  -1.699474E-05  -9.435001E-06  -2.614545E-17  -1.028391E-11  -2.714745E-11  -1.889783E-11  -1.372652E+00  -7.620577E-01  -2.111748E-12
            285  -1.204974E-01  -5.079119E-01   4.230659E-03  -2.884296E-03   8.532579E-04   8.422849E-04   6.747076E-06   3.743195E-06  -1.929046E-05  -6.099468E+02  -6.188085E+00  -7.960654E+00   5.449562E-01   3.023350E-01  -1.558075E+00
            286   9.142401E-16  -5.078995E-01  -8.019422E-14   9.726788E-18  -1.495017E-16   5.186025E-17  -1.590985E-05  -1.329381E-17  -2.078310E-17  -9.128247E-12  -3.484119E-11  -2.286032E-12  -1.285026E+00  -1.073735E-12  -1.678664E-12
            287  -1.204910E-01  -5.099984E-01  -5.314238E-14  -2.877788E-03   8.403794E-04   8.499789E-04   2.386526E-05  -2.453685E-17   4.006318E-16  -6.087352E+02  -8.108102E+00  -6.557422E+00   1.927578E+00  -1.981915E-12   3.235895E-11
            288   6.369460E-02  -5.704698E-01  -1.005938E-13   1.569691E-03  -4.651268E-04  -4.335688E-04  -8.254341E-06  -9.126674E-18  -1.247472E-16   3.348591E+02   6.157795E+00   1.125563E+01  -6.666968E-01  -7.376599E-13  -1.007566E-11
            289   1.277251E-01  -5.716235E-01  -2.056736E-03   2.682140E-03  -8.743457E-04  -8.153456E-04  -5.411256E-05   9.520412E-06   3.378114E-05   5.535077E+02  -2.100150E+01  -1.147071E+01  -4.370630E+00   7.689564E-01   2.728476E+00
            290   6.371401E-02  -5.684084E-01  -2.131100E-03   1.599349E-03  -4.967309E-04  -4.188710E-04  -1.324647E-05   1.170315E-06   2.359240E-06   3.411949E+02   2.597432E+00   1.517480E+01  -1.069907E+00   9.452541E-02   1.905540E-01
            291   1.204974E-01  -5.079119E-01  -4.230659E-03   2.884296E-03  -8.532579E-04  -8.422849E-04   6.747076E-06   3.743195E-06   1.929046E-05   6.099468E+02   6.188085E+00   7.960654E+00   5.449562E-01   3.023350E-01   1.558075E+00
            292   1.204910E-01  -5.099984E-01  -1.071508E-13   2.877788E-03  -8.403794E-04  -8.499789E-04   2.386526E-05  -3.387412E-17  -3.552685E-16   6.087352E+02   8.108102E+00   6.557422E+00   1.927578E+00  -2.736034E-12  -2.869480E-11
            293  -1.277251E-01  -5.716235E-01  -2.056736E-03  -2.682140E-03   8.743457E-04   8.153456E-04  -5.411256E-05  -9.520412E-06   3.378114E-05  -5.535077E+02   2.100150E+01   1.147071E+01  -4.370630E+00  -7.689564E-01   2.728476E+00
            294  -6.371401E-02  -5.684084E-01  -2.131100E-03  -1.599349E-03   4.967309E-04   4.188710E-04  -1.324647E-05  -1.170315E-06   2.359240E-06  -3.411949E+02  -2.597432E+00  -1.517480E+01  -1.069907E+00  -9.452541E-02   1.905540E-01
            295  -5.387322E-15  -5.692848E-01  -8.687691E-14   6.428577E-17  -5.350538E-17   5.188092E-18   5.974346E-05   1.177171E-05   1.926034E-17   1.236922E-11  -6.701306E-12   2.785994E-12   4.825433E+00   9.507919E-01   1.555536E-12
            296  -1.194294E-14  -5.057710E-01  -8.025541E-14   2.954508E-17   1.089198E-16  -5.508167E-17  -1.699474E-05   9.435001E-06  -3.004440E-17   1.491948E-11   2.773781E-11   1.224881E-12  -1.372652E+00   7.620577E-01  -2.426667E-12
            297  -1.204974E-01  -5.079119E-01  -4.230659E-03  -2.884296E-03   8.532579E-04   8.422849E-04   6.747076E-06  -3.743195E-06   1.929046E-05  -6.099468E+02  -6.188085E+00  -7.960654E+00   5.449562E-01  -3.023350E-01   1.558075E+00
            298   6.371401E-02  -5.684084E-01   2.131100E-03   1.599349E-03  -4.967309E-04  -4.188710E-04  -1.324647E-05  -1.170315E-06  -2.359240E-06   3.411949E+02   2.597432E+00   1.517480E+01  -1.069907E+00  -9.452541E-02  -1.905540E-01
            299   1.277251E-01  -5.716235E-01   2.056736E-03   2.682140E-03  -8.743457E-04  -8.153456E-04  -5.411256E-05  -9.520412E-06  -3.378114E-05   5.535077E+02  -2.100150E+01  -1.147071E+01  -4.370630E+00  -7.689564E-01  -2.728476E+00
            300   1.204974E-01  -5.079119E-01   4.230659E-03   2.884296E-03  -8.532579E-04  -8.422849E-04   6.747076E-06  -3.743195E-06  -1.929046E-05   6.099468E+02   6.188085E+00   7.960654E+00   5.449562E-01  -3.023350E-01  -1.558075E+00
            301  -1.394664E-01  -7.041007E-01   2.169790E-03  -2.222782E-03   2.910760E-04   8.715098E-04  -5.204209E-04   5.782439E-05   2.916428E-05  -4.875115E+02  -8.142683E+01   1.233556E+01  -4.203399E+01   4.670432E+00   2.355577E+00
            302  -7.201974E-02  -7.042192E-01  -8.503356E-14  -1.599350E-03   2.971626E-05   5.277400E-04  -1.864091E-05  -2.443944E-17   1.588356E-17  -3.845861E+02  -1.214292E+02  -4.097917E+01  -1.505612E+00  -1.972589E-12   1.282141E-12
            303   7.536689E-15  -7.040539E-01  -9.896138E-14  -1.230152E-16   1.940993E-16   6.014947E-17   5.082394E-04  -9.462356E-05  -1.242451E-17  -4.007461E-12   4.724399E-11   2.561151E-11   4.105010E+01  -7.642672E+00  -1.003134E-12
            304  -7.231035E-02  -7.022150E-01   2.656670E-03  -1.659477E-03   1.071367E-04   5.349280E-04   1.149403E-05  -3.212978E-05   4.197137E-05  -3.913328E+02  -1.059567E+02  -3.685199E+01   9.283639E-01  -2.595098E+00   3.389995E+00
            305   1.380753E-14  -6.327276E-01  -9.297440E-14  -8.534223E-17   3.008661E-18  -5.008415E-17   3.795652E-04  -4.982211E-05   1.805645E-17  -2.986411E-11  -1.556089E-11  -2.413358E-11   3.065719E+01  -4.024093E+00   1.458067E-12
            306  -1.339263E-01  -6.358194E-01   3.944706E-03  -2.421097E-03   9.693707E-04   7.851863E-04  -3.246555E-04   7.031144E-05  -2.256311E-05  -4.718540E+02   7.583682E+01   4.608397E+01  -2.622217E+01   5.679001E+00  -1.822405E+00
            307   1.423835E-15  -6.349245E-01  -9.295430E-14   5.807440E-17  -1.495454E-16   7.563888E-17   3.338572E-04   6.242379E-17   6.800063E-17   7.537970E-12  -2.605205E-11   1.034195E-11   2.696539E+01   5.041856E-12   5.492163E-12
            308  -1.337379E-01  -6.376576E-01  -6.423005E-14  -2.355833E-03   8.839129E-04   7.926962E-04  -3.046906E-04   4.723564E-17   1.725194E-16  -4.628483E+02   6.049530E+01   4.576030E+01  -2.460963E+01   3.815170E-12   1.393530E-11
            309   7.201974E-02  -7.042192E-01  -1.135784E-13   1.599350E-03  -2.971626E-05  -5.277400E-04  -1.864091E-05   6.697384E-17   6.818615E-19   3.845861E+02   1.214292E+02   4.097917E+01  -1.505612E+00   5.409340E-12   5.573320E-14
            310   1.394664E-01  -7.041007E-01  -2.169790E-03   2.222782E-03  -2.910760E-04  -8.715098E-04  -5.204209E-04   5.782439E-05  -2.916428E-05   4.875115E+02   8.142683E+01  -1.233556E+01  -4.203399E+01   4.670432E+00  -2.355577E+00
            311   7.231035E-02  -7.022150E-01  -2.656670E-03   1.659477E-03  -1.071367E-04  -5.349280E-04   1.149403E-05  -3.212978E-05  -4.197137E-05   3.913328E+02   1.059567E+02   3.685199E+01   9.283639E-01  -2.595098E+00  -3.389995E+00
            312   1.339263E-01  -6.358194E-01  -3.944706E-03   2.421097E-03  -9.693707E-04  -7.851863E-04  -3.246555E-04   7.031144E-05   2.256311E-05   4.718540E+02  -7.583682E+01  -4.608397E+01  -2.622217E+01   5.679001E+00   1.822405E+00
            313   1.337379E-01  -6.376576E-01  -1.215472E-13   2.355833E-03  -8.839129E-04  -7.926962E-04  -3.046906E-04  -4.767779E-17  -2.236624E-16   4.628483E+02  -6.049530E+01  -4.576030E+01  -2.460963E+01  -3.851364E-12  -1.806477E-11
            314  -1.394664E-01  -7.041007E-01  -2.169790E-03  -2.222782E-03   2.910760E-04   8.715098E-04  -5.204209E-04  -5.782439E-05  -2.916428E-05  -4.875115E+02  -8.142683E+01   1.233556E+01  -4.203399E+01  -4.670432E+00  -2.355577E+00
            315  -7.231035E-02  -7.022150E-01  -2.656670E-03  -1.659477E-03   1.071367E-04   5.349280E-04   1.149403E-05   3.212978E-05  -4.197137E-05  -3.913328E+02  -1.059567E+02  -3.685199E+01   9.283639E-01   2.595098E+00  -3.389995E+00
            316  -5.389793E-15  -7.040539E-01  -9.953522E-14  -4.701179E-17  -3.209238E-17   8.176023E-17   5.082394E-04   9.462356E-05   4.084686E-17  -7.275958E-12  -4.860112E-12   1.355005E-11   4.105010E+01   7.642672E+00   3.299498E-12
            317  -1.196896E-14  -6.327276E-01  -9.314495E-14  -7.493392E-18  -9.334981E-17  -3.352910E-17   3.795652E-04   4.982211E-05   2.198330E-17  -1.753619E-11  -3.134915E-11  -2.172840E-11   3.065719E+01   4.024093E+00   1.774722E-12
            318  -1.339263E-01  -6.358194E-01  -3.944706E-03  -2.421097E-03   9.693707E-04   7.851863E-04  -3.246555E-04  -7.031144E-05   2.256311E-05  -4.718540E+02   7.583682E+01   4.608397E+01  -2.622217E+01  -5.679001E+00   1.822405E+00
            319   7.231035E-02  -7.022150E-01   2.656670E-03   1.659477E-03  -1.071367E-04  -5.349280E-04   1.149403E-05   3.212978E-05   4.197137E-05   3.913328E+02   1.059567E+02   3.685199E+01   9.283639E-01   2.595098E+00   3.389995E+00
            320   1.394664E-01  -7.041007E-01   2.169790E-03   2.222782E-03  -2.910760E-04  -8.715098E-04  -5.204209E-04  -5.782439E-05   2.916428E-05   4.875115E+02   8.142683E+01  -1.233556E+01  -4.203399E+01  -4.670432E+00   2.355577E+00
            321   1.339263E-01  -6.358194E-01   3.944706E-03   2.421097E-03  -9.693707E-04  -7.851863E-04  -3.246555E-04  -7.031144E-05  -2.256311E-05   4.718540E+02  -7.583682E+01  -4.608397E+01  -2.622217E+01  -5.679001E+00  -1.822405E+00

