Job-27
   525     1   320     1     2
     1     1     1     1    0.000000000E+00  -5.000000000E+00   1.000000000E+01
     2     1     1     1    0.000000000E+00  -2.500000000E+00   1.000000000E+01
     3     1     1     1    0.000000000E+00   0.000000000E+00   1.000000000E+01
     4     1     1     1    0.000000000E+00   2.500000000E+00   1.000000000E+01
     5     1     1     1    0.000000000E+00   5.000000000E+00   1.000000000E+01
     6     1     1     1    0.000000000E+00  -5.000000000E+00   7.500000000E+00
     7     1     1     1    0.000000000E+00  -2.500000000E+00   7.500000000E+00
     8     1     1     1    0.000000000E+00   0.000000000E+00   7.500000000E+00
     9     1     1     1    0.000000000E+00   2.500000000E+00   7.500000000E+00
    10     1     1     1    0.000000000E+00   5.000000000E+00   7.500000000E+00
    11     1     1     1    0.000000000E+00  -5.000000000E+00   5.000000000E+00
    12     1     1     1    0.000000000E+00  -2.500000000E+00   5.000000000E+00
    13     1     1     1    0.000000000E+00   0.000000000E+00   5.000000000E+00
    14     1     1     1    0.000000000E+00   2.500000000E+00   5.000000000E+00
    15     1     1     1    0.000000000E+00   5.000000000E+00   5.000000000E+00
    16     1     1     1    0.000000000E+00  -5.000000000E+00   2.500000000E+00
    17     1     1     1    0.000000000E+00  -2.500000000E+00   2.500000000E+00
    18     1     1     1    0.000000000E+00   0.000000000E+00   2.500000000E+00
    19     1     1     1    0.000000000E+00   2.500000000E+00   2.500000000E+00
    20     1     1     1    0.000000000E+00   5.000000000E+00   2.500000000E+00
    21     1     1     1    0.000000000E+00  -5.000000000E+00   0.000000000E+00
    22     1     1     1    0.000000000E+00  -2.500000000E+00   0.000000000E+00
    23     1     1     1    0.000000000E+00   0.000000000E+00   0.000000000E+00
    24     1     1     1    0.000000000E+00   2.500000000E+00   0.000000000E+00
    25     1     1     1    0.000000000E+00   5.000000000E+00   0.000000000E+00
    26     0     0     0    2.500000000E+00  -5.000000000E+00   1.000000000E+01
    27     0     0     0    2.500000000E+00  -2.500000000E+00   1.000000000E+01
    28     0     0     0    2.500000000E+00   0.000000000E+00   1.000000000E+01
    29     0     0     0    2.500000000E+00   2.500000000E+00   1.000000000E+01
    30     0     0     0    2.500000000E+00   5.000000000E+00   1.000000000E+01
    31     0     0     0    2.500000000E+00  -5.000000000E+00   7.500000000E+00
    32     0     0     0    2.500000000E+00  -2.500000000E+00   7.500000000E+00
    33     0     0     0    2.500000000E+00   0.000000000E+00   7.500000000E+00
    34     0     0     0    2.500000000E+00   2.500000000E+00   7.500000000E+00
    35     0     0     0    2.500000000E+00   5.000000000E+00   7.500000000E+00
    36     0     0     0    2.500000000E+00  -5.000000000E+00   5.000000000E+00
    37     0     0     0    2.500000000E+00  -2.500000000E+00   5.000000000E+00
    38     0     0     0    2.500000000E+00   0.000000000E+00   5.000000000E+00
    39     0     0     0    2.500000000E+00   2.500000000E+00   5.000000000E+00
    40     0     0     0    2.500000000E+00   5.000000000E+00   5.000000000E+00
    41     0     0     0    2.500000000E+00  -5.000000000E+00   2.500000000E+00
    42     0     0     0    2.500000000E+00  -2.500000000E+00   2.500000000E+00
    43     0     0     0    2.500000000E+00   0.000000000E+00   2.500000000E+00
    44     0     0     0    2.500000000E+00   2.500000000E+00   2.500000000E+00
    45     0     0     0    2.500000000E+00   5.000000000E+00   2.500000000E+00
    46     0     0     0    2.500000000E+00  -5.000000000E+00   0.000000000E+00
    47     0     0     0    2.500000000E+00  -2.500000000E+00   0.000000000E+00
    48     0     0     0    2.500000000E+00   0.000000000E+00   0.000000000E+00
    49     0     0     0    2.500000000E+00   2.500000000E+00   0.000000000E+00
    50     0     0     0    2.500000000E+00   5.000000000E+00   0.000000000E+00
    51     0     0     0    5.000000000E+00  -5.000000000E+00   1.000000000E+01
    52     0     0     0    5.000000000E+00  -2.500000000E+00   1.000000000E+01
    53     0     0     0    5.000000000E+00   0.000000000E+00   1.000000000E+01
    54     0     0     0    5.000000000E+00   2.500000000E+00   1.000000000E+01
    55     0     0     0    5.000000000E+00   5.000000000E+00   1.000000000E+01
    56     0     0     0    5.000000000E+00  -5.000000000E+00   7.500000000E+00
    57     0     0     0    5.000000000E+00  -2.500000000E+00   7.500000000E+00
    58     0     0     0    5.000000000E+00   0.000000000E+00   7.500000000E+00
    59     0     0     0    5.000000000E+00   2.500000000E+00   7.500000000E+00
    60     0     0     0    5.000000000E+00   5.000000000E+00   7.500000000E+00
    61     0     0     0    5.000000000E+00  -5.000000000E+00   5.000000000E+00
    62     0     0     0    5.000000000E+00  -2.500000000E+00   5.000000000E+00
    63     0     0     0    5.000000000E+00   0.000000000E+00   5.000000000E+00
    64     0     0     0    5.000000000E+00   2.500000000E+00   5.000000000E+00
    65     0     0     0    5.000000000E+00   5.000000000E+00   5.000000000E+00
    66     0     0     0    5.000000000E+00  -5.000000000E+00   2.500000000E+00
    67     0     0     0    5.000000000E+00  -2.500000000E+00   2.500000000E+00
    68     0     0     0    5.000000000E+00   0.000000000E+00   2.500000000E+00
    69     0     0     0    5.000000000E+00   2.500000000E+00   2.500000000E+00
    70     0     0     0    5.000000000E+00   5.000000000E+00   2.500000000E+00
    71     0     0     0    5.000000000E+00  -5.000000000E+00   0.000000000E+00
    72     0     0     0    5.000000000E+00  -2.500000000E+00   0.000000000E+00
    73     0     0     0    5.000000000E+00   0.000000000E+00   0.000000000E+00
    74     0     0     0    5.000000000E+00   2.500000000E+00   0.000000000E+00
    75     0     0     0    5.000000000E+00   5.000000000E+00   0.000000000E+00
    76     0     0     0    7.500000000E+00  -5.000000000E+00   1.000000000E+01
    77     0     0     0    7.500000000E+00  -2.500000000E+00   1.000000000E+01
    78     0     0     0    7.500000000E+00   0.000000000E+00   1.000000000E+01
    79     0     0     0    7.500000000E+00   2.500000000E+00   1.000000000E+01
    80     0     0     0    7.500000000E+00   5.000000000E+00   1.000000000E+01
    81     0     0     0    7.500000000E+00  -5.000000000E+00   7.500000000E+00
    82     0     0     0    7.500000000E+00  -2.500000000E+00   7.500000000E+00
    83     0     0     0    7.500000000E+00   0.000000000E+00   7.500000000E+00
    84     0     0     0    7.500000000E+00   2.500000000E+00   7.500000000E+00
    85     0     0     0    7.500000000E+00   5.000000000E+00   7.500000000E+00
    86     0     0     0    7.500000000E+00  -5.000000000E+00   5.000000000E+00
    87     0     0     0    7.500000000E+00  -2.500000000E+00   5.000000000E+00
    88     0     0     0    7.500000000E+00   0.000000000E+00   5.000000000E+00
    89     0     0     0    7.500000000E+00   2.500000000E+00   5.000000000E+00
    90     0     0     0    7.500000000E+00   5.000000000E+00   5.000000000E+00
    91     0     0     0    7.500000000E+00  -5.000000000E+00   2.500000000E+00
    92     0     0     0    7.500000000E+00  -2.500000000E+00   2.500000000E+00
    93     0     0     0    7.500000000E+00   0.000000000E+00   2.500000000E+00
    94     0     0     0    7.500000000E+00   2.500000000E+00   2.500000000E+00
    95     0     0     0    7.500000000E+00   5.000000000E+00   2.500000000E+00
    96     0     0     0    7.500000000E+00  -5.000000000E+00   0.000000000E+00
    97     0     0     0    7.500000000E+00  -2.500000000E+00   0.000000000E+00
    98     0     0     0    7.500000000E+00   0.000000000E+00   0.000000000E+00
    99     0     0     0    7.500000000E+00   2.500000000E+00   0.000000000E+00
   100     0     0     0    7.500000000E+00   5.000000000E+00   0.000000000E+00
   101     0     0     0    1.000000000E+01  -5.000000000E+00   1.000000000E+01
   102     0     0     0    1.000000000E+01  -2.500000000E+00   1.000000000E+01
   103     0     0     0    1.000000000E+01   0.000000000E+00   1.000000000E+01
   104     0     0     0    1.000000000E+01   2.500000000E+00   1.000000000E+01
   105     0     0     0    1.000000000E+01   5.000000000E+00   1.000000000E+01
   106     0     0     0    1.000000000E+01  -5.000000000E+00   7.500000000E+00
   107     0     0     0    1.000000000E+01  -2.500000000E+00   7.500000000E+00
   108     0     0     0    1.000000000E+01   0.000000000E+00   7.500000000E+00
   109     0     0     0    1.000000000E+01   2.500000000E+00   7.500000000E+00
   110     0     0     0    1.000000000E+01   5.000000000E+00   7.500000000E+00
   111     0     0     0    1.000000000E+01  -5.000000000E+00   5.000000000E+00
   112     0     0     0    1.000000000E+01  -2.500000000E+00   5.000000000E+00
   113     0     0     0    1.000000000E+01   0.000000000E+00   5.000000000E+00
   114     0     0     0    1.000000000E+01   2.500000000E+00   5.000000000E+00
   115     0     0     0    1.000000000E+01   5.000000000E+00   5.000000000E+00
   116     0     0     0    1.000000000E+01  -5.000000000E+00   2.500000000E+00
   117     0     0     0    1.000000000E+01  -2.500000000E+00   2.500000000E+00
   118     0     0     0    1.000000000E+01   0.000000000E+00   2.500000000E+00
   119     0     0     0    1.000000000E+01   2.500000000E+00   2.500000000E+00
   120     0     0     0    1.000000000E+01   5.000000000E+00   2.500000000E+00
   121     0     0     0    1.000000000E+01  -5.000000000E+00   0.000000000E+00
   122     0     0     0    1.000000000E+01  -2.500000000E+00   0.000000000E+00
   123     0     0     0    1.000000000E+01   0.000000000E+00   0.000000000E+00
   124     0     0     0    1.000000000E+01   2.500000000E+00   0.000000000E+00
   125     0     0     0    1.000000000E+01   5.000000000E+00   0.000000000E+00
   126     0     0     0    1.250000000E+01  -5.000000000E+00   1.000000000E+01
   127     0     0     0    1.250000000E+01  -2.500000000E+00   1.000000000E+01
   128     0     0     0    1.250000000E+01   0.000000000E+00   1.000000000E+01
   129     0     0     0    1.250000000E+01   2.500000000E+00   1.000000000E+01
   130     0     0     0    1.250000000E+01   5.000000000E+00   1.000000000E+01
   131     0     0     0    1.250000000E+01  -5.000000000E+00   7.500000000E+00
   132     0     0     0    1.250000000E+01  -2.500000000E+00   7.500000000E+00
   133     0     0     0    1.250000000E+01   0.000000000E+00   7.500000000E+00
   134     0     0     0    1.250000000E+01   2.500000000E+00   7.500000000E+00
   135     0     0     0    1.250000000E+01   5.000000000E+00   7.500000000E+00
   136     0     0     0    1.250000000E+01  -5.000000000E+00   5.000000000E+00
   137     0     0     0    1.250000000E+01  -2.500000000E+00   5.000000000E+00
   138     0     0     0    1.250000000E+01   0.000000000E+00   5.000000000E+00
   139     0     0     0    1.250000000E+01   2.500000000E+00   5.000000000E+00
   140     0     0     0    1.250000000E+01   5.000000000E+00   5.000000000E+00
   141     0     0     0    1.250000000E+01  -5.000000000E+00   2.500000000E+00
   142     0     0     0    1.250000000E+01  -2.500000000E+00   2.500000000E+00
   143     0     0     0    1.250000000E+01   0.000000000E+00   2.500000000E+00
   144     0     0     0    1.250000000E+01   2.500000000E+00   2.500000000E+00
   145     0     0     0    1.250000000E+01   5.000000000E+00   2.500000000E+00
   146     0     0     0    1.250000000E+01  -5.000000000E+00   0.000000000E+00
   147     0     0     0    1.250000000E+01  -2.500000000E+00   0.000000000E+00
   148     0     0     0    1.250000000E+01   0.000000000E+00   0.000000000E+00
   149     0     0     0    1.250000000E+01   2.500000000E+00   0.000000000E+00
   150     0     0     0    1.250000000E+01   5.000000000E+00   0.000000000E+00
   151     0     0     0    1.500000000E+01  -5.000000000E+00   1.000000000E+01
   152     0     0     0    1.500000000E+01  -2.500000000E+00   1.000000000E+01
   153     0     0     0    1.500000000E+01   0.000000000E+00   1.000000000E+01
   154     0     0     0    1.500000000E+01   2.500000000E+00   1.000000000E+01
   155     0     0     0    1.500000000E+01   5.000000000E+00   1.000000000E+01
   156     0     0     0    1.500000000E+01  -5.000000000E+00   7.500000000E+00
   157     0     0     0    1.500000000E+01  -2.500000000E+00   7.500000000E+00
   158     0     0     0    1.500000000E+01   0.000000000E+00   7.500000000E+00
   159     0     0     0    1.500000000E+01   2.500000000E+00   7.500000000E+00
   160     0     0     0    1.500000000E+01   5.000000000E+00   7.500000000E+00
   161     0     0     0    1.500000000E+01  -5.000000000E+00   5.000000000E+00
   162     0     0     0    1.500000000E+01  -2.500000000E+00   5.000000000E+00
   163     0     0     0    1.500000000E+01   0.000000000E+00   5.000000000E+00
   164     0     0     0    1.500000000E+01   2.500000000E+00   5.000000000E+00
   165     0     0     0    1.500000000E+01   5.000000000E+00   5.000000000E+00
   166     0     0     0    1.500000000E+01  -5.000000000E+00   2.500000000E+00
   167     0     0     0    1.500000000E+01  -2.500000000E+00   2.500000000E+00
   168     0     0     0    1.500000000E+01   0.000000000E+00   2.500000000E+00
   169     0     0     0    1.500000000E+01   2.500000000E+00   2.500000000E+00
   170     0     0     0    1.500000000E+01   5.000000000E+00   2.500000000E+00
   171     0     0     0    1.500000000E+01  -5.000000000E+00   0.000000000E+00
   172     0     0     0    1.500000000E+01  -2.500000000E+00   0.000000000E+00
   173     0     0     0    1.500000000E+01   0.000000000E+00   0.000000000E+00
   174     0     0     0    1.500000000E+01   2.500000000E+00   0.000000000E+00
   175     0     0     0    1.500000000E+01   5.000000000E+00   0.000000000E+00
   176     0     0     0    1.750000000E+01  -5.000000000E+00   1.000000000E+01
   177     0     0     0    1.750000000E+01  -2.500000000E+00   1.000000000E+01
   178     0     0     0    1.750000000E+01   0.000000000E+00   1.000000000E+01
   179     0     0     0    1.750000000E+01   2.500000000E+00   1.000000000E+01
   180     0     0     0    1.750000000E+01   5.000000000E+00   1.000000000E+01
   181     0     0     0    1.750000000E+01  -5.000000000E+00   7.500000000E+00
   182     0     0     0    1.750000000E+01  -2.500000000E+00   7.500000000E+00
   183     0     0     0    1.750000000E+01   0.000000000E+00   7.500000000E+00
   184     0     0     0    1.750000000E+01   2.500000000E+00   7.500000000E+00
   185     0     0     0    1.750000000E+01   5.000000000E+00   7.500000000E+00
   186     0     0     0    1.750000000E+01  -5.000000000E+00   5.000000000E+00
   187     0     0     0    1.750000000E+01  -2.500000000E+00   5.000000000E+00
   188     0     0     0    1.750000000E+01   0.000000000E+00   5.000000000E+00
   189     0     0     0    1.750000000E+01   2.500000000E+00   5.000000000E+00
   190     0     0     0    1.750000000E+01   5.000000000E+00   5.000000000E+00
   191     0     0     0    1.750000000E+01  -5.000000000E+00   2.500000000E+00
   192     0     0     0    1.750000000E+01  -2.500000000E+00   2.500000000E+00
   193     0     0     0    1.750000000E+01   0.000000000E+00   2.500000000E+00
   194     0     0     0    1.750000000E+01   2.500000000E+00   2.500000000E+00
   195     0     0     0    1.750000000E+01   5.000000000E+00   2.500000000E+00
   196     0     0     0    1.750000000E+01  -5.000000000E+00   0.000000000E+00
   197     0     0     0    1.750000000E+01  -2.500000000E+00   0.000000000E+00
   198     0     0     0    1.750000000E+01   0.000000000E+00   0.000000000E+00
   199     0     0     0    1.750000000E+01   2.500000000E+00   0.000000000E+00
   200     0     0     0    1.750000000E+01   5.000000000E+00   0.000000000E+00
   201     0     0     0    2.000000000E+01  -5.000000000E+00   1.000000000E+01
   202     0     0     0    2.000000000E+01  -2.500000000E+00   1.000000000E+01
   203     0     0     0    2.000000000E+01   0.000000000E+00   1.000000000E+01
   204     0     0     0    2.000000000E+01   2.500000000E+00   1.000000000E+01
   205     0     0     0    2.000000000E+01   5.000000000E+00   1.000000000E+01
   206     0     0     0    2.000000000E+01  -5.000000000E+00   7.500000000E+00
   207     0     0     0    2.000000000E+01  -2.500000000E+00   7.500000000E+00
   208     0     0     0    2.000000000E+01   0.000000000E+00   7.500000000E+00
   209     0     0     0    2.000000000E+01   2.500000000E+00   7.500000000E+00
   210     0     0     0    2.000000000E+01   5.000000000E+00   7.500000000E+00
   211     0     0     0    2.000000000E+01  -5.000000000E+00   5.000000000E+00
   212     0     0     0    2.000000000E+01  -2.500000000E+00   5.000000000E+00
   213     0     0     0    2.000000000E+01   0.000000000E+00   5.000000000E+00
   214     0     0     0    2.000000000E+01   2.500000000E+00   5.000000000E+00
   215     0     0     0    2.000000000E+01   5.000000000E+00   5.000000000E+00
   216     0     0     0    2.000000000E+01  -5.000000000E+00   2.500000000E+00
   217     0     0     0    2.000000000E+01  -2.500000000E+00   2.500000000E+00
   218     0     0     0    2.000000000E+01   0.000000000E+00   2.500000000E+00
   219     0     0     0    2.000000000E+01   2.500000000E+00   2.500000000E+00
   220     0     0     0    2.000000000E+01   5.000000000E+00   2.500000000E+00
   221     0     0     0    2.000000000E+01  -5.000000000E+00   0.000000000E+00
   222     0     0     0    2.000000000E+01  -2.500000000E+00   0.000000000E+00
   223     0     0     0    2.000000000E+01   0.000000000E+00   0.000000000E+00
   224     0     0     0    2.000000000E+01   2.500000000E+00   0.000000000E+00
   225     0     0     0    2.000000000E+01   5.000000000E+00   0.000000000E+00
   226     0     0     0    2.250000000E+01  -5.000000000E+00   1.000000000E+01
   227     0     0     0    2.250000000E+01  -2.500000000E+00   1.000000000E+01
   228     0     0     0    2.250000000E+01   0.000000000E+00   1.000000000E+01
   229     0     0     0    2.250000000E+01   2.500000000E+00   1.000000000E+01
   230     0     0     0    2.250000000E+01   5.000000000E+00   1.000000000E+01
   231     0     0     0    2.250000000E+01  -5.000000000E+00   7.500000000E+00
   232     0     0     0    2.250000000E+01  -2.500000000E+00   7.500000000E+00
   233     0     0     0    2.250000000E+01   0.000000000E+00   7.500000000E+00
   234     0     0     0    2.250000000E+01   2.500000000E+00   7.500000000E+00
   235     0     0     0    2.250000000E+01   5.000000000E+00   7.500000000E+00
   236     0     0     0    2.250000000E+01  -5.000000000E+00   5.000000000E+00
   237     0     0     0    2.250000000E+01  -2.500000000E+00   5.000000000E+00
   238     0     0     0    2.250000000E+01   0.000000000E+00   5.000000000E+00
   239     0     0     0    2.250000000E+01   2.500000000E+00   5.000000000E+00
   240     0     0     0    2.250000000E+01   5.000000000E+00   5.000000000E+00
   241     0     0     0    2.250000000E+01  -5.000000000E+00   2.500000000E+00
   242     0     0     0    2.250000000E+01  -2.500000000E+00   2.500000000E+00
   243     0     0     0    2.250000000E+01   0.000000000E+00   2.500000000E+00
   244     0     0     0    2.250000000E+01   2.500000000E+00   2.500000000E+00
   245     0     0     0    2.250000000E+01   5.000000000E+00   2.500000000E+00
   246     0     0     0    2.250000000E+01  -5.000000000E+00   0.000000000E+00
   247     0     0     0    2.250000000E+01  -2.500000000E+00   0.000000000E+00
   248     0     0     0    2.250000000E+01   0.000000000E+00   0.000000000E+00
   249     0     0     0    2.250000000E+01   2.500000000E+00   0.000000000E+00
   250     0     0     0    2.250000000E+01   5.000000000E+00   0.000000000E+00
   251     0     0     0    2.500000000E+01  -5.000000000E+00   1.000000000E+01
   252     0     0     0    2.500000000E+01  -2.500000000E+00   1.000000000E+01
   253     0     0     0    2.500000000E+01   0.000000000E+00   1.000000000E+01
   254     0     0     0    2.500000000E+01   2.500000000E+00   1.000000000E+01
   255     0     0     0    2.500000000E+01   5.000000000E+00   1.000000000E+01
   256     0     0     0    2.500000000E+01  -5.000000000E+00   7.500000000E+00
   257     0     0     0    2.500000000E+01  -2.500000000E+00   7.500000000E+00
   258     0     0     0    2.500000000E+01   0.000000000E+00   7.500000000E+00
   259     0     0     0    2.500000000E+01   2.500000000E+00   7.500000000E+00
   260     0     0     0    2.500000000E+01   5.000000000E+00   7.500000000E+00
   261     0     0     0    2.500000000E+01  -5.000000000E+00   5.000000000E+00
   262     0     0     0    2.500000000E+01  -2.500000000E+00   5.000000000E+00
   263     0     0     0    2.500000000E+01   0.000000000E+00   5.000000000E+00
   264     0     0     0    2.500000000E+01   2.500000000E+00   5.000000000E+00
   265     0     0     0    2.500000000E+01   5.000000000E+00   5.000000000E+00
   266     0     0     0    2.500000000E+01  -5.000000000E+00   2.500000000E+00
   267     0     0     0    2.500000000E+01  -2.500000000E+00   2.500000000E+00
   268     0     0     0    2.500000000E+01   0.000000000E+00   2.500000000E+00
   269     0     0     0    2.500000000E+01   2.500000000E+00   2.500000000E+00
   270     0     0     0    2.500000000E+01   5.000000000E+00   2.500000000E+00
   271     0     0     0    2.500000000E+01  -5.000000000E+00   0.000000000E+00
   272     0     0     0    2.500000000E+01  -2.500000000E+00   0.000000000E+00
   273     0     0     0    2.500000000E+01   0.000000000E+00   0.000000000E+00
   274     0     0     0    2.500000000E+01   2.500000000E+00   0.000000000E+00
   275     0     0     0    2.500000000E+01   5.000000000E+00   0.000000000E+00
   276     0     0     0    2.750000000E+01  -5.000000000E+00   1.000000000E+01
   277     0     0     0    2.750000000E+01  -2.500000000E+00   1.000000000E+01
   278     0     0     0    2.750000000E+01   0.000000000E+00   1.000000000E+01
   279     0     0     0    2.750000000E+01   2.500000000E+00   1.000000000E+01
   280     0     0     0    2.750000000E+01   5.000000000E+00   1.000000000E+01
   281     0     0     0    2.750000000E+01  -5.000000000E+00   7.500000000E+00
   282     0     0     0    2.750000000E+01  -2.500000000E+00   7.500000000E+00
   283     0     0     0    2.750000000E+01   0.000000000E+00   7.500000000E+00
   284     0     0     0    2.750000000E+01   2.500000000E+00   7.500000000E+00
   285     0     0     0    2.750000000E+01   5.000000000E+00   7.500000000E+00
   286     0     0     0    2.750000000E+01  -5.000000000E+00   5.000000000E+00
   287     0     0     0    2.750000000E+01  -2.500000000E+00   5.000000000E+00
   288     0     0     0    2.750000000E+01   0.000000000E+00   5.000000000E+00
   289     0     0     0    2.750000000E+01   2.500000000E+00   5.000000000E+00
   290     0     0     0    2.750000000E+01   5.000000000E+00   5.000000000E+00
   291     0     0     0    2.750000000E+01  -5.000000000E+00   2.500000000E+00
   292     0     0     0    2.750000000E+01  -2.500000000E+00   2.500000000E+00
   293     0     0     0    2.750000000E+01   0.000000000E+00   2.500000000E+00
   294     0     0     0    2.750000000E+01   2.500000000E+00   2.500000000E+00
   295     0     0     0    2.750000000E+01   5.000000000E+00   2.500000000E+00
   296     0     0     0    2.750000000E+01  -5.000000000E+00   0.000000000E+00
   297     0     0     0    2.750000000E+01  -2.500000000E+00   0.000000000E+00
   298     0     0     0    2.750000000E+01   0.000000000E+00   0.000000000E+00
   299     0     0     0    2.750000000E+01   2.500000000E+00   0.000000000E+00
   300     0     0     0    2.750000000E+01   5.000000000E+00   0.000000000E+00
   301     0     0     0    3.000000000E+01  -5.000000000E+00   1.000000000E+01
   302     0     0     0    3.000000000E+01  -2.500000000E+00   1.000000000E+01
   303     0     0     0    3.000000000E+01   0.000000000E+00   1.000000000E+01
   304     0     0     0    3.000000000E+01   2.500000000E+00   1.000000000E+01
   305     0     0     0    3.000000000E+01   5.000000000E+00   1.000000000E+01
   306     0     0     0    3.000000000E+01  -5.000000000E+00   7.500000000E+00
   307     0     0     0    3.000000000E+01  -2.500000000E+00   7.500000000E+00
   308     0     0     0    3.000000000E+01   0.000000000E+00   7.500000000E+00
   309     0     0     0    3.000000000E+01   2.500000000E+00   7.500000000E+00
   310     0     0     0    3.000000000E+01   5.000000000E+00   7.500000000E+00
   311     0     0     0    3.000000000E+01  -5.000000000E+00   5.000000000E+00
   312     0     0     0    3.000000000E+01  -2.500000000E+00   5.000000000E+00
   313     0     0     0    3.000000000E+01   0.000000000E+00   5.000000000E+00
   314     0     0     0    3.000000000E+01   2.500000000E+00   5.000000000E+00
   315     0     0     0    3.000000000E+01   5.000000000E+00   5.000000000E+00
   316     0     0     0    3.000000000E+01  -5.000000000E+00   2.500000000E+00
   317     0     0     0    3.000000000E+01  -2.500000000E+00   2.500000000E+00
   318     0     0     0    3.000000000E+01   0.000000000E+00   2.500000000E+00
   319     0     0     0    3.000000000E+01   2.500000000E+00   2.500000000E+00
   320     0     0     0    3.000000000E+01   5.000000000E+00   2.500000000E+00
   321     0     0     0    3.000000000E+01  -5.000000000E+00   0.000000000E+00
   322     0     0     0    3.000000000E+01  -2.500000000E+00   0.000000000E+00
   323     0     0     0    3.000000000E+01   0.000000000E+00   0.000000000E+00
   324     0     0     0    3.000000000E+01   2.500000000E+00   0.000000000E+00
   325     0     0     0    3.000000000E+01   5.000000000E+00   0.000000000E+00
   326     0     0     0    3.250000000E+01  -5.000000000E+00   1.000000000E+01
   327     0     0     0    3.250000000E+01  -2.500000000E+00   1.000000000E+01
   328     0     0     0    3.250000000E+01   0.000000000E+00   1.000000000E+01
   329     0     0     0    3.250000000E+01   2.500000000E+00   1.000000000E+01
   330     0     0     0    3.250000000E+01   5.000000000E+00   1.000000000E+01
   331     0     0     0    3.250000000E+01  -5.000000000E+00   7.500000000E+00
   332     0     0     0    3.250000000E+01  -2.500000000E+00   7.500000000E+00
   333     0     0     0    3.250000000E+01   0.000000000E+00   7.500000000E+00
   334     0     0     0    3.250000000E+01   2.500000000E+00   7.500000000E+00
   335     0     0     0    3.250000000E+01   5.000000000E+00   7.500000000E+00
   336     0     0     0    3.250000000E+01  -5.000000000E+00   5.000000000E+00
   337     0     0     0    3.250000000E+01  -2.500000000E+00   5.000000000E+00
   338     0     0     0    3.250000000E+01   0.000000000E+00   5.000000000E+00
   339     0     0     0    3.250000000E+01   2.500000000E+00   5.000000000E+00
   340     0     0     0    3.250000000E+01   5.000000000E+00   5.000000000E+00
   341     0     0     0    3.250000000E+01  -5.000000000E+00   2.500000000E+00
   342     0     0     0    3.250000000E+01  -2.500000000E+00   2.500000000E+00
   343     0     0     0    3.250000000E+01   0.000000000E+00   2.500000000E+00
   344     0     0     0    3.250000000E+01   2.500000000E+00   2.500000000E+00
   345     0     0     0    3.250000000E+01   5.000000000E+00   2.500000000E+00
   346     0     0     0    3.250000000E+01  -5.000000000E+00   0.000000000E+00
   347     0     0     0    3.250000000E+01  -2.500000000E+00   0.000000000E+00
   348     0     0     0    3.250000000E+01   0.000000000E+00   0.000000000E+00
   349     0     0     0    3.250000000E+01   2.500000000E+00   0.000000000E+00
   350     0     0     0    3.250000000E+01   5.000000000E+00   0.000000000E+00
   351     0     0     0    3.500000000E+01  -5.000000000E+00   1.000000000E+01
   352     0     0     0    3.500000000E+01  -2.500000000E+00   1.000000000E+01
   353     0     0     0    3.500000000E+01   0.000000000E+00   1.000000000E+01
   354     0     0     0    3.500000000E+01   2.500000000E+00   1.000000000E+01
   355     0     0     0    3.500000000E+01   5.000000000E+00   1.000000000E+01
   356     0     0     0    3.500000000E+01  -5.000000000E+00   7.500000000E+00
   357     0     0     0    3.500000000E+01  -2.500000000E+00   7.500000000E+00
   358     0     0     0    3.500000000E+01   0.000000000E+00   7.500000000E+00
   359     0     0     0    3.500000000E+01   2.500000000E+00   7.500000000E+00
   360     0     0     0    3.500000000E+01   5.000000000E+00   7.500000000E+00
   361     0     0     0    3.500000000E+01  -5.000000000E+00   5.000000000E+00
   362     0     0     0    3.500000000E+01  -2.500000000E+00   5.000000000E+00
   363     0     0     0    3.500000000E+01   0.000000000E+00   5.000000000E+00
   364     0     0     0    3.500000000E+01   2.500000000E+00   5.000000000E+00
   365     0     0     0    3.500000000E+01   5.000000000E+00   5.000000000E+00
   366     0     0     0    3.500000000E+01  -5.000000000E+00   2.500000000E+00
   367     0     0     0    3.500000000E+01  -2.500000000E+00   2.500000000E+00
   368     0     0     0    3.500000000E+01   0.000000000E+00   2.500000000E+00
   369     0     0     0    3.500000000E+01   2.500000000E+00   2.500000000E+00
   370     0     0     0    3.500000000E+01   5.000000000E+00   2.500000000E+00
   371     0     0     0    3.500000000E+01  -5.000000000E+00   0.000000000E+00
   372     0     0     0    3.500000000E+01  -2.500000000E+00   0.000000000E+00
   373     0     0     0    3.500000000E+01   0.000000000E+00   0.000000000E+00
   374     0     0     0    3.500000000E+01   2.500000000E+00   0.000000000E+00
   375     0     0     0    3.500000000E+01   5.000000000E+00   0.000000000E+00
   376     0     0     0    3.750000000E+01  -5.000000000E+00   1.000000000E+01
   377     0     0     0    3.750000000E+01  -2.500000000E+00   1.000000000E+01
   378     0     0     0    3.750000000E+01   0.000000000E+00   1.000000000E+01
   379     0     0     0    3.750000000E+01   2.500000000E+00   1.000000000E+01
   380     0     0     0    3.750000000E+01   5.000000000E+00   1.000000000E+01
   381     0     0     0    3.750000000E+01  -5.000000000E+00   7.500000000E+00
   382     0     0     0    3.750000000E+01  -2.500000000E+00   7.500000000E+00
   383     0     0     0    3.750000000E+01   0.000000000E+00   7.500000000E+00
   384     0     0     0    3.750000000E+01   2.500000000E+00   7.500000000E+00
   385     0     0     0    3.750000000E+01   5.000000000E+00   7.500000000E+00
   386     0     0     0    3.750000000E+01  -5.000000000E+00   5.000000000E+00
   387     0     0     0    3.750000000E+01  -2.500000000E+00   5.000000000E+00
   388     0     0     0    3.750000000E+01   0.000000000E+00   5.000000000E+00
   389     0     0     0    3.750000000E+01   2.500000000E+00   5.000000000E+00
   390     0     0     0    3.750000000E+01   5.000000000E+00   5.000000000E+00
   391     0     0     0    3.750000000E+01  -5.000000000E+00   2.500000000E+00
   392     0     0     0    3.750000000E+01  -2.500000000E+00   2.500000000E+00
   393     0     0     0    3.750000000E+01   0.000000000E+00   2.500000000E+00
   394     0     0     0    3.750000000E+01   2.500000000E+00   2.500000000E+00
   395     0     0     0    3.750000000E+01   5.000000000E+00   2.500000000E+00
   396     0     0     0    3.750000000E+01  -5.000000000E+00   0.000000000E+00
   397     0     0     0    3.750000000E+01  -2.500000000E+00   0.000000000E+00
   398     0     0     0    3.750000000E+01   0.000000000E+00   0.000000000E+00
   399     0     0     0    3.750000000E+01   2.500000000E+00   0.000000000E+00
   400     0     0     0    3.750000000E+01   5.000000000E+00   0.000000000E+00
   401     0     0     0    4.000000000E+01  -5.000000000E+00   1.000000000E+01
   402     0     0     0    4.000000000E+01  -2.500000000E+00   1.000000000E+01
   403     0     0     0    4.000000000E+01   0.000000000E+00   1.000000000E+01
   404     0     0     0    4.000000000E+01   2.500000000E+00   1.000000000E+01
   405     0     0     0    4.000000000E+01   5.000000000E+00   1.000000000E+01
   406     0     0     0    4.000000000E+01  -5.000000000E+00   7.500000000E+00
   407     0     0     0    4.000000000E+01  -2.500000000E+00   7.500000000E+00
   408     0     0     0    4.000000000E+01   0.000000000E+00   7.500000000E+00
   409     0     0     0    4.000000000E+01   2.500000000E+00   7.500000000E+00
   410     0     0     0    4.000000000E+01   5.000000000E+00   7.500000000E+00
   411     0     0     0    4.000000000E+01  -5.000000000E+00   5.000000000E+00
   412     0     0     0    4.000000000E+01  -2.500000000E+00   5.000000000E+00
   413     0     0     0    4.000000000E+01   0.000000000E+00   5.000000000E+00
   414     0     0     0    4.000000000E+01   2.500000000E+00   5.000000000E+00
   415     0     0     0    4.000000000E+01   5.000000000E+00   5.000000000E+00
   416     0     0     0    4.000000000E+01  -5.000000000E+00   2.500000000E+00
   417     0     0     0    4.000000000E+01  -2.500000000E+00   2.500000000E+00
   418     0     0     0    4.000000000E+01   0.000000000E+00   2.500000000E+00
   419     0     0     0    4.000000000E+01   2.500000000E+00   2.500000000E+00
   420     0     0     0    4.000000000E+01   5.000000000E+00   2.500000000E+00
   421     0     0     0    4.000000000E+01  -5.000000000E+00   0.000000000E+00
   422     0     0     0    4.000000000E+01  -2.500000000E+00   0.000000000E+00
   423     0     0     0    4.000000000E+01   0.000000000E+00   0.000000000E+00
   424     0     0     0    4.000000000E+01   2.500000000E+00   0.000000000E+00
   425     0     0     0    4.000000000E+01   5.000000000E+00   0.000000000E+00
   426     0     0     0    4.250000000E+01  -5.000000000E+00   1.000000000E+01
   427     0     0     0    4.250000000E+01  -2.500000000E+00   1.000000000E+01
   428     0     0     0    4.250000000E+01   0.000000000E+00   1.000000000E+01
   429     0     0     0    4.250000000E+01   2.500000000E+00   1.000000000E+01
   430     0     0     0    4.250000000E+01   5.000000000E+00   1.000000000E+01
   431     0     0     0    4.250000000E+01  -5.000000000E+00   7.500000000E+00
   432     0     0     0    4.250000000E+01  -2.500000000E+00   7.500000000E+00
   433     0     0     0    4.250000000E+01   0.000000000E+00   7.500000000E+00
   434     0     0     0    4.250000000E+01   2.500000000E+00   7.500000000E+00
   435     0     0     0    4.250000000E+01   5.000000000E+00   7.500000000E+00
   436     0     0     0    4.250000000E+01  -5.000000000E+00   5.000000000E+00
   437     0     0     0    4.250000000E+01  -2.500000000E+00   5.000000000E+00
   438     0     0     0    4.250000000E+01   0.000000000E+00   5.000000000E+00
   439     0     0     0    4.250000000E+01   2.500000000E+00   5.000000000E+00
   440     0     0     0    4.250000000E+01   5.000000000E+00   5.000000000E+00
   441     0     0     0    4.250000000E+01  -5.000000000E+00   2.500000000E+00
   442     0     0     0    4.250000000E+01  -2.500000000E+00   2.500000000E+00
   443     0     0     0    4.250000000E+01   0.000000000E+00   2.500000000E+00
   444     0     0     0    4.250000000E+01   2.500000000E+00   2.500000000E+00
   445     0     0     0    4.250000000E+01   5.000000000E+00   2.500000000E+00
   446     0     0     0    4.250000000E+01  -5.000000000E+00   0.000000000E+00
   447     0     0     0    4.250000000E+01  -2.500000000E+00   0.000000000E+00
   448     0     0     0    4.250000000E+01   0.000000000E+00   0.000000000E+00
   449     0     0     0    4.250000000E+01   2.500000000E+00   0.000000000E+00
   450     0     0     0    4.250000000E+01   5.000000000E+00   0.000000000E+00
   451     0     0     0    4.500000000E+01  -5.000000000E+00   1.000000000E+01
   452     0     0     0    4.500000000E+01  -2.500000000E+00   1.000000000E+01
   453     0     0     0    4.500000000E+01   0.000000000E+00   1.000000000E+01
   454     0     0     0    4.500000000E+01   2.500000000E+00   1.000000000E+01
   455     0     0     0    4.500000000E+01   5.000000000E+00   1.000000000E+01
   456     0     0     0    4.500000000E+01  -5.000000000E+00   7.500000000E+00
   457     0     0     0    4.500000000E+01  -2.500000000E+00   7.500000000E+00
   458     0     0     0    4.500000000E+01   0.000000000E+00   7.500000000E+00
   459     0     0     0    4.500000000E+01   2.500000000E+00   7.500000000E+00
   460     0     0     0    4.500000000E+01   5.000000000E+00   7.500000000E+00
   461     0     0     0    4.500000000E+01  -5.000000000E+00   5.000000000E+00
   462     0     0     0    4.500000000E+01  -2.500000000E+00   5.000000000E+00
   463     0     0     0    4.500000000E+01   0.000000000E+00   5.000000000E+00
   464     0     0     0    4.500000000E+01   2.500000000E+00   5.000000000E+00
   465     0     0     0    4.500000000E+01   5.000000000E+00   5.000000000E+00
   466     0     0     0    4.500000000E+01  -5.000000000E+00   2.500000000E+00
   467     0     0     0    4.500000000E+01  -2.500000000E+00   2.500000000E+00
   468     0     0     0    4.500000000E+01   0.000000000E+00   2.500000000E+00
   469     0     0     0    4.500000000E+01   2.500000000E+00   2.500000000E+00
   470     0     0     0    4.500000000E+01   5.000000000E+00   2.500000000E+00
   471     0     0     0    4.500000000E+01  -5.000000000E+00   0.000000000E+00
   472     0     0     0    4.500000000E+01  -2.500000000E+00   0.000000000E+00
   473     0     0     0    4.500000000E+01   0.000000000E+00   0.000000000E+00
   474     0     0     0    4.500000000E+01   2.500000000E+00   0.000000000E+00
   475     0     0     0    4.500000000E+01   5.000000000E+00   0.000000000E+00
   476     0     0     0    4.750000000E+01  -5.000000000E+00   1.000000000E+01
   477     0     0     0    4.750000000E+01  -2.500000000E+00   1.000000000E+01
   478     0     0     0    4.750000000E+01   0.000000000E+00   1.000000000E+01
   479     0     0     0    4.750000000E+01   2.500000000E+00   1.000000000E+01
   480     0     0     0    4.750000000E+01   5.000000000E+00   1.000000000E+01
   481     0     0     0    4.750000000E+01  -5.000000000E+00   7.500000000E+00
   482     0     0     0    4.750000000E+01  -2.500000000E+00   7.500000000E+00
   483     0     0     0    4.750000000E+01   0.000000000E+00   7.500000000E+00
   484     0     0     0    4.750000000E+01   2.500000000E+00   7.500000000E+00
   485     0     0     0    4.750000000E+01   5.000000000E+00   7.500000000E+00
   486     0     0     0    4.750000000E+01  -5.000000000E+00   5.000000000E+00
   487     0     0     0    4.750000000E+01  -2.500000000E+00   5.000000000E+00
   488     0     0     0    4.750000000E+01   0.000000000E+00   5.000000000E+00
   489     0     0     0    4.750000000E+01   2.500000000E+00   5.000000000E+00
   490     0     0     0    4.750000000E+01   5.000000000E+00   5.000000000E+00
   491     0     0     0    4.750000000E+01  -5.000000000E+00   2.500000000E+00
   492     0     0     0    4.750000000E+01  -2.500000000E+00   2.500000000E+00
   493     0     0     0    4.750000000E+01   0.000000000E+00   2.500000000E+00
   494     0     0     0    4.750000000E+01   2.500000000E+00   2.500000000E+00
   495     0     0     0    4.750000000E+01   5.000000000E+00   2.500000000E+00
   496     0     0     0    4.750000000E+01  -5.000000000E+00   0.000000000E+00
   497     0     0     0    4.750000000E+01  -2.500000000E+00   0.000000000E+00
   498     0     0     0    4.750000000E+01   0.000000000E+00   0.000000000E+00
   499     0     0     0    4.750000000E+01   2.500000000E+00   0.000000000E+00
   500     0     0     0    4.750000000E+01   5.000000000E+00   0.000000000E+00
   501     0     0     0    5.000000000E+01  -5.000000000E+00   1.000000000E+01
   502     0     0     0    5.000000000E+01  -2.500000000E+00   1.000000000E+01
   503     0     0     0    5.000000000E+01   0.000000000E+00   1.000000000E+01
   504     0     0     0    5.000000000E+01   2.500000000E+00   1.000000000E+01
   505     0     0     0    5.000000000E+01   5.000000000E+00   1.000000000E+01
   506     0     0     0    5.000000000E+01  -5.000000000E+00   7.500000000E+00
   507     0     0     0    5.000000000E+01  -2.500000000E+00   7.500000000E+00
   508     0     0     0    5.000000000E+01   0.000000000E+00   7.500000000E+00
   509     0     0     0    5.000000000E+01   2.500000000E+00   7.500000000E+00
   510     0     0     0    5.000000000E+01   5.000000000E+00   7.500000000E+00
   511     0     0     0    5.000000000E+01  -5.000000000E+00   5.000000000E+00
   512     0     0     0    5.000000000E+01  -2.500000000E+00   5.000000000E+00
   513     0     0     0    5.000000000E+01   0.000000000E+00   5.000000000E+00
   514     0     0     0    5.000000000E+01   2.500000000E+00   5.000000000E+00
   515     0     0     0    5.000000000E+01   5.000000000E+00   5.000000000E+00
   516     0     0     0    5.000000000E+01  -5.000000000E+00   2.500000000E+00
   517     0     0     0    5.000000000E+01  -2.500000000E+00   2.500000000E+00
   518     0     0     0    5.000000000E+01   0.000000000E+00   2.500000000E+00
   519     0     0     0    5.000000000E+01   2.500000000E+00   2.500000000E+00
   520     0     0     0    5.000000000E+01   5.000000000E+00   2.500000000E+00
   521     0     0     0    5.000000000E+01  -5.000000000E+00   0.000000000E+00
   522     0     0     0    5.000000000E+01  -2.500000000E+00   0.000000000E+00
   523     0     0     0    5.000000000E+01   0.000000000E+00   0.000000000E+00
   524     0     0     0    5.000000000E+01   2.500000000E+00   0.000000000E+00
   525     0     0     0    5.000000000E+01   5.000000000E+00   0.000000000E+00
     1    20
   505     1       500
   510     1      1000
   515     1      1000
   520     1      1000
   525     1       500
   504     1       750
   509     1      1500
   514     1      1500
   519     1      1500
   524     1       750
   502     1      -750
   507     1     -1500
   512     1     -1500
   517     1     -1500
   522     1      -750
   501     1      -500
   506     1     -1000
   511     1     -1000
   516     1     -1000
   521     1      -500
     3   320     1     3
     1    210000   0.3   7.8E-09
     1    26    27    32    31     1     2     7     6     1
     2    27    28    33    32     2     3     8     7     1
     3    28    29    34    33     3     4     9     8     1
     4    29    30    35    34     4     5    10     9     1
     5    31    32    37    36     6     7    12    11     1
     6    32    33    38    37     7     8    13    12     1
     7    33    34    39    38     8     9    14    13     1
     8    34    35    40    39     9    10    15    14     1
     9    36    37    42    41    11    12    17    16     1
    10    37    38    43    42    12    13    18    17     1
    11    38    39    44    43    13    14    19    18     1
    12    39    40    45    44    14    15    20    19     1
    13    41    42    47    46    16    17    22    21     1
    14    42    43    48    47    17    18    23    22     1
    15    43    44    49    48    18    19    24    23     1
    16    44    45    50    49    19    20    25    24     1
    17    51    52    57    56    26    27    32    31     1
    18    52    53    58    57    27    28    33    32     1
    19    53    54    59    58    28    29    34    33     1
    20    54    55    60    59    29    30    35    34     1
    21    56    57    62    61    31    32    37    36     1
    22    57    58    63    62    32    33    38    37     1
    23    58    59    64    63    33    34    39    38     1
    24    59    60    65    64    34    35    40    39     1
    25    61    62    67    66    36    37    42    41     1
    26    62    63    68    67    37    38    43    42     1
    27    63    64    69    68    38    39    44    43     1
    28    64    65    70    69    39    40    45    44     1
    29    66    67    72    71    41    42    47    46     1
    30    67    68    73    72    42    43    48    47     1
    31    68    69    74    73    43    44    49    48     1
    32    69    70    75    74    44    45    50    49     1
    33    76    77    82    81    51    52    57    56     1
    34    77    78    83    82    52    53    58    57     1
    35    78    79    84    83    53    54    59    58     1
    36    79    80    85    84    54    55    60    59     1
    37    81    82    87    86    56    57    62    61     1
    38    82    83    88    87    57    58    63    62     1
    39    83    84    89    88    58    59    64    63     1
    40    84    85    90    89    59    60    65    64     1
    41    86    87    92    91    61    62    67    66     1
    42    87    88    93    92    62    63    68    67     1
    43    88    89    94    93    63    64    69    68     1
    44    89    90    95    94    64    65    70    69     1
    45    91    92    97    96    66    67    72    71     1
    46    92    93    98    97    67    68    73    72     1
    47    93    94    99    98    68    69    74    73     1
    48    94    95   100    99    69    70    75    74     1
    49   101   102   107   106    76    77    82    81     1
    50   102   103   108   107    77    78    83    82     1
    51   103   104   109   108    78    79    84    83     1
    52   104   105   110   109    79    80    85    84     1
    53   106   107   112   111    81    82    87    86     1
    54   107   108   113   112    82    83    88    87     1
    55   108   109   114   113    83    84    89    88     1
    56   109   110   115   114    84    85    90    89     1
    57   111   112   117   116    86    87    92    91     1
    58   112   113   118   117    87    88    93    92     1
    59   113   114   119   118    88    89    94    93     1
    60   114   115   120   119    89    90    95    94     1
    61   116   117   122   121    91    92    97    96     1
    62   117   118   123   122    92    93    98    97     1
    63   118   119   124   123    93    94    99    98     1
    64   119   120   125   124    94    95   100    99     1
    65   126   127   132   131   101   102   107   106     1
    66   127   128   133   132   102   103   108   107     1
    67   128   129   134   133   103   104   109   108     1
    68   129   130   135   134   104   105   110   109     1
    69   131   132   137   136   106   107   112   111     1
    70   132   133   138   137   107   108   113   112     1
    71   133   134   139   138   108   109   114   113     1
    72   134   135   140   139   109   110   115   114     1
    73   136   137   142   141   111   112   117   116     1
    74   137   138   143   142   112   113   118   117     1
    75   138   139   144   143   113   114   119   118     1
    76   139   140   145   144   114   115   120   119     1
    77   141   142   147   146   116   117   122   121     1
    78   142   143   148   147   117   118   123   122     1
    79   143   144   149   148   118   119   124   123     1
    80   144   145   150   149   119   120   125   124     1
    81   151   152   157   156   126   127   132   131     1
    82   152   153   158   157   127   128   133   132     1
    83   153   154   159   158   128   129   134   133     1
    84   154   155   160   159   129   130   135   134     1
    85   156   157   162   161   131   132   137   136     1
    86   157   158   163   162   132   133   138   137     1
    87   158   159   164   163   133   134   139   138     1
    88   159   160   165   164   134   135   140   139     1
    89   161   162   167   166   136   137   142   141     1
    90   162   163   168   167   137   138   143   142     1
    91   163   164   169   168   138   139   144   143     1
    92   164   165   170   169   139   140   145   144     1
    93   166   167   172   171   141   142   147   146     1
    94   167   168   173   172   142   143   148   147     1
    95   168   169   174   173   143   144   149   148     1
    96   169   170   175   174   144   145   150   149     1
    97   176   177   182   181   151   152   157   156     1
    98   177   178   183   182   152   153   158   157     1
    99   178   179   184   183   153   154   159   158     1
   100   179   180   185   184   154   155   160   159     1
   101   181   182   187   186   156   157   162   161     1
   102   182   183   188   187   157   158   163   162     1
   103   183   184   189   188   158   159   164   163     1
   104   184   185   190   189   159   160   165   164     1
   105   186   187   192   191   161   162   167   166     1
   106   187   188   193   192   162   163   168   167     1
   107   188   189   194   193   163   164   169   168     1
   108   189   190   195   194   164   165   170   169     1
   109   191   192   197   196   166   167   172   171     1
   110   192   193   198   197   167   168   173   172     1
   111   193   194   199   198   168   169   174   173     1
   112   194   195   200   199   169   170   175   174     1
   113   201   202   207   206   176   177   182   181     1
   114   202   203   208   207   177   178   183   182     1
   115   203   204   209   208   178   179   184   183     1
   116   204   205   210   209   179   180   185   184     1
   117   206   207   212   211   181   182   187   186     1
   118   207   208   213   212   182   183   188   187     1
   119   208   209   214   213   183   184   189   188     1
   120   209   210   215   214   184   185   190   189     1
   121   211   212   217   216   186   187   192   191     1
   122   212   213   218   217   187   188   193   192     1
   123   213   214   219   218   188   189   194   193     1
   124   214   215   220   219   189   190   195   194     1
   125   216   217   222   221   191   192   197   196     1
   126   217   218   223   222   192   193   198   197     1
   127   218   219   224   223   193   194   199   198     1
   128   219   220   225   224   194   195   200   199     1
   129   226   227   232   231   201   202   207   206     1
   130   227   228   233   232   202   203   208   207     1
   131   228   229   234   233   203   204   209   208     1
   132   229   230   235   234   204   205   210   209     1
   133   231   232   237   236   206   207   212   211     1
   134   232   233   238   237   207   208   213   212     1
   135   233   234   239   238   208   209   214   213     1
   136   234   235   240   239   209   210   215   214     1
   137   236   237   242   241   211   212   217   216     1
   138   237   238   243   242   212   213   218   217     1
   139   238   239   244   243   213   214   219   218     1
   140   239   240   245   244   214   215   220   219     1
   141   241   242   247   246   216   217   222   221     1
   142   242   243   248   247   217   218   223   222     1
   143   243   244   249   248   218   219   224   223     1
   144   244   245   250   249   219   220   225   224     1
   145   251   252   257   256   226   227   232   231     1
   146   252   253   258   257   227   228   233   232     1
   147   253   254   259   258   228   229   234   233     1
   148   254   255   260   259   229   230   235   234     1
   149   256   257   262   261   231   232   237   236     1
   150   257   258   263   262   232   233   238   237     1
   151   258   259   264   263   233   234   239   238     1
   152   259   260   265   264   234   235   240   239     1
   153   261   262   267   266   236   237   242   241     1
   154   262   263   268   267   237   238   243   242     1
   155   263   264   269   268   238   239   244   243     1
   156   264   265   270   269   239   240   245   244     1
   157   266   267   272   271   241   242   247   246     1
   158   267   268   273   272   242   243   248   247     1
   159   268   269   274   273   243   244   249   248     1
   160   269   270   275   274   244   245   250   249     1
   161   276   277   282   281   251   252   257   256     1
   162   277   278   283   282   252   253   258   257     1
   163   278   279   284   283   253   254   259   258     1
   164   279   280   285   284   254   255   260   259     1
   165   281   282   287   286   256   257   262   261     1
   166   282   283   288   287   257   258   263   262     1
   167   283   284   289   288   258   259   264   263     1
   168   284   285   290   289   259   260   265   264     1
   169   286   287   292   291   261   262   267   266     1
   170   287   288   293   292   262   263   268   267     1
   171   288   289   294   293   263   264   269   268     1
   172   289   290   295   294   264   265   270   269     1
   173   291   292   297   296   266   267   272   271     1
   174   292   293   298   297   267   268   273   272     1
   175   293   294   299   298   268   269   274   273     1
   176   294   295   300   299   269   270   275   274     1
   177   301   302   307   306   276   277   282   281     1
   178   302   303   308   307   277   278   283   282     1
   179   303   304   309   308   278   279   284   283     1
   180   304   305   310   309   279   280   285   284     1
   181   306   307   312   311   281   282   287   286     1
   182   307   308   313   312   282   283   288   287     1
   183   308   309   314   313   283   284   289   288     1
   184   309   310   315   314   284   285   290   289     1
   185   311   312   317   316   286   287   292   291     1
   186   312   313   318   317   287   288   293   292     1
   187   313   314   319   318   288   289   294   293     1
   188   314   315   320   319   289   290   295   294     1
   189   316   317   322   321   291   292   297   296     1
   190   317   318   323   322   292   293   298   297     1
   191   318   319   324   323   293   294   299   298     1
   192   319   320   325   324   294   295   300   299     1
   193   326   327   332   331   301   302   307   306     1
   194   327   328   333   332   302   303   308   307     1
   195   328   329   334   333   303   304   309   308     1
   196   329   330   335   334   304   305   310   309     1
   197   331   332   337   336   306   307   312   311     1
   198   332   333   338   337   307   308   313   312     1
   199   333   334   339   338   308   309   314   313     1
   200   334   335   340   339   309   310   315   314     1
   201   336   337   342   341   311   312   317   316     1
   202   337   338   343   342   312   313   318   317     1
   203   338   339   344   343   313   314   319   318     1
   204   339   340   345   344   314   315   320   319     1
   205   341   342   347   346   316   317   322   321     1
   206   342   343   348   347   317   318   323   322     1
   207   343   344   349   348   318   319   324   323     1
   208   344   345   350   349   319   320   325   324     1
   209   351   352   357   356   326   327   332   331     1
   210   352   353   358   357   327   328   333   332     1
   211   353   354   359   358   328   329   334   333     1
   212   354   355   360   359   329   330   335   334     1
   213   356   357   362   361   331   332   337   336     1
   214   357   358   363   362   332   333   338   337     1
   215   358   359   364   363   333   334   339   338     1
   216   359   360   365   364   334   335   340   339     1
   217   361   362   367   366   336   337   342   341     1
   218   362   363   368   367   337   338   343   342     1
   219   363   364   369   368   338   339   344   343     1
   220   364   365   370   369   339   340   345   344     1
   221   366   367   372   371   341   342   347   346     1
   222   367   368   373   372   342   343   348   347     1
   223   368   369   374   373   343   344   349   348     1
   224   369   370   375   374   344   345   350   349     1
   225   376   377   382   381   351   352   357   356     1
   226   377   378   383   382   352   353   358   357     1
   227   378   379   384   383   353   354   359   358     1
   228   379   380   385   384   354   355   360   359     1
   229   381   382   387   386   356   357   362   361     1
   230   382   383   388   387   357   358   363   362     1
   231   383   384   389   388   358   359   364   363     1
   232   384   385   390   389   359   360   365   364     1
   233   386   387   392   391   361   362   367   366     1
   234   387   388   393   392   362   363   368   367     1
   235   388   389   394   393   363   364   369   368     1
   236   389   390   395   394   364   365   370   369     1
   237   391   392   397   396   366   367   372   371     1
   238   392   393   398   397   367   368   373   372     1
   239   393   394   399   398   368   369   374   373     1
   240   394   395   400   399   369   370   375   374     1
   241   401   402   407   406   376   377   382   381     1
   242   402   403   408   407   377   378   383   382     1
   243   403   404   409   408   378   379   384   383     1
   244   404   405   410   409   379   380   385   384     1
   245   406   407   412   411   381   382   387   386     1
   246   407   408   413   412   382   383   388   387     1
   247   408   409   414   413   383   384   389   388     1
   248   409   410   415   414   384   385   390   389     1
   249   411   412   417   416   386   387   392   391     1
   250   412   413   418   417   387   388   393   392     1
   251   413   414   419   418   388   389   394   393     1
   252   414   415   420   419   389   390   395   394     1
   253   416   417   422   421   391   392   397   396     1
   254   417   418   423   422   392   393   398   397     1
   255   418   419   424   423   393   394   399   398     1
   256   419   420   425   424   394   395   400   399     1
   257   426   427   432   431   401   402   407   406     1
   258   427   428   433   432   402   403   408   407     1
   259   428   429   434   433   403   404   409   408     1
   260   429   430   435   434   404   405   410   409     1
   261   431   432   437   436   406   407   412   411     1
   262   432   433   438   437   407   408   413   412     1
   263   433   434   439   438   408   409   414   413     1
   264   434   435   440   439   409   410   415   414     1
   265   436   437   442   441   411   412   417   416     1
   266   437   438   443   442   412   413   418   417     1
   267   438   439   444   443   413   414   419   418     1
   268   439   440   445   444   414   415   420   419     1
   269   441   442   447   446   416   417   422   421     1
   270   442   443   448   447   417   418   423   422     1
   271   443   444   449   448   418   419   424   423     1
   272   444   445   450   449   419   420   425   424     1
   273   451   452   457   456   426   427   432   431     1
   274   452   453   458   457   427   428   433   432     1
   275   453   454   459   458   428   429   434   433     1
   276   454   455   460   459   429   430   435   434     1
   277   456   457   462   461   431   432   437   436     1
   278   457   458   463   462   432   433   438   437     1
   279   458   459   464   463   433   434   439   438     1
   280   459   460   465   464   434   435   440   439     1
   281   461   462   467   466   436   437   442   441     1
   282   462   463   468   467   437   438   443   442     1
   283   463   464   469   468   438   439   444   443     1
   284   464   465   470   469   439   440   445   444     1
   285   466   467   472   471   441   442   447   446     1
   286   467   468   473   472   442   443   448   447     1
   287   468   469   474   473   443   444   449   448     1
   288   469   470   475   474   444   445   450   449     1
   289   476   477   482   481   451   452   457   456     1
   290   477   478   483   482   452   453   458   457     1
   291   478   479   484   483   453   454   459   458     1
   292   479   480   485   484   454   455   460   459     1
   293   481   482   487   486   456   457   462   461     1
   294   482   483   488   487   457   458   463   462     1
   295   483   484   489   488   458   459   464   463     1
   296   484   485   490   489   459   460   465   464     1
   297   486   487   492   491   461   462   467   466     1
   298   487   488   493   492   462   463   468   467     1
   299   488   489   494   493   463   464   469   468     1
   300   489   490   495   494   464   465   470   469     1
   301   491   492   497   496   466   467   472   471     1
   302   492   493   498   497   467   468   473   472     1
   303   493   494   499   498   468   469   474   473     1
   304   494   495   500   499   469   470   475   474     1
   305   501   502   507   506   476   477   482   481     1
   306   502   503   508   507   477   478   483   482     1
   307   503   504   509   508   478   479   484   483     1
   308   504   505   510   509   479   480   485   484     1
   309   506   507   512   511   481   482   487   486     1
   310   507   508   513   512   482   483   488   487     1
   311   508   509   514   513   483   484   489   488     1
   312   509   510   515   514   484   485   490   489     1
   313   511   512   517   516   486   487   492   491     1
   314   512   513   518   517   487   488   493   492     1
   315   513   514   519   518   488   489   494   493     1
   316   514   515   520   519   489   490   495   494     1
   317   516   517   522   521   491   492   497   496     1
   318   517   518   523   522   492   493   498   497     1
   319   518   519   524   523   493   494   499   498     1
   320   519   520   525   524   494   495   500   499     1
stop