hw3_2 plane stress
    6    1    1    2                                 
    1    1    1    1         0         0         0    0
    2    1    1    1         0         15        0    0
    3    0    0    1         15         0         0    0 
    4    0    0    1         15         15         0    0
    5    0    0    1         30         0         0    0         
    6    0    0    1         30         15         0    0
    1    1                                           
    6    2   -100                                      
    2    2    1                                      
    1   2.0E9     0.3        
    1    1    3    4    2    1   
    2    3    5    6    4    1     
stop