TITLE = "Example : C3D20_cantilever_beam_matlab"
VARIABLES="NODE_ID"       "U1"           "U2"           "U3"          "E11"          "E22"          "E33"          "E12"          "E13"          "E23"          "S11"          "S22"          "S33"          "S12"          "S13"          "S23"
              1   0.000000E+00   0.000000E+00   0.000000E+00   0.000000E+00   0.000000E+00   0.000000E+00   0.000000E+00   0.000000E+00   0.000000E+00   0.000000E+00   0.000000E+00   0.000000E+00   0.000000E+00   0.000000E+00   0.000000E+00
              2   0.000000E+00   0.000000E+00   0.000000E+00   0.000000E+00   0.000000E+00   0.000000E+00   0.000000E+00   0.000000E+00   0.000000E+00   0.000000E+00   0.000000E+00   0.000000E+00   0.000000E+00   0.000000E+00   0.000000E+00
              3   0.000000E+00   0.000000E+00   0.000000E+00   0.000000E+00   0.000000E+00   0.000000E+00   0.000000E+00   0.000000E+00   0.000000E+00   0.000000E+00   0.000000E+00   0.000000E+00   0.000000E+00   0.000000E+00   0.000000E+00
              4   0.000000E+00   0.000000E+00   0.000000E+00   3.184230E-04  -4.922790E-05   8.390910E-05  -1.339039E-05  -1.266119E-17  -6.651740E-04   9.421748E+01   3.482773E+01   5.633447E+01  -1.081532E+00  -1.023862E-12  -5.372559E+01
              5   0.000000E+00   0.000000E+00   0.000000E+00   1.592115E-04  -2.461395E-05   4.195455E-05   6.695197E-06   5.575709E-18  -3.325870E-04   4.710874E+01   1.741386E+01   2.816724E+01   5.407659E-01   4.513562E-13  -2.686280E+01
              6   0.000000E+00   0.000000E+00   0.000000E+00   0.000000E+00   0.000000E+00   0.000000E+00   0.000000E+00   0.000000E+00   0.000000E+00   0.000000E+00   0.000000E+00   0.000000E+00   0.000000E+00   0.000000E+00   0.000000E+00
              7   0.000000E+00   0.000000E+00   0.000000E+00  -6.368459E-04   9.845581E-05  -1.678182E-04   2.678079E-05  -8.931700E-18  -1.330348E-03  -1.884350E+02  -6.965545E+01  -1.126689E+02   2.163064E+00  -7.300135E-13  -1.074512E+02
              8   0.000000E+00   0.000000E+00   0.000000E+00  -3.184230E-04   4.922790E-05  -8.390910E-05  -1.339039E-05   9.526757E-18  -6.651740E-04  -9.421748E+01  -3.482773E+01  -5.633447E+01  -1.081532E+00   7.662294E-13  -5.372559E+01
              9   0.000000E+00   0.000000E+00   0.000000E+00   0.000000E+00   0.000000E+00   0.000000E+00   0.000000E+00   0.000000E+00   0.000000E+00   0.000000E+00   0.000000E+00   0.000000E+00   0.000000E+00   0.000000E+00   0.000000E+00
             10  -1.356732E-02  -6.411093E-03   3.871351E-03   0.000000E+00   0.000000E+00   0.000000E+00   0.000000E+00   0.000000E+00   0.000000E+00   0.000000E+00   0.000000E+00   0.000000E+00   0.000000E+00   0.000000E+00   0.000000E+00
             11  -4.330302E-15  -4.683997E-03   3.054342E-15   0.000000E+00   0.000000E+00   0.000000E+00   0.000000E+00   0.000000E+00   0.000000E+00   0.000000E+00   0.000000E+00   0.000000E+00   0.000000E+00   0.000000E+00   0.000000E+00
             12   1.356732E-02  -6.411093E-03  -3.871351E-03   0.000000E+00   0.000000E+00   0.000000E+00   0.000000E+00   0.000000E+00   0.000000E+00   0.000000E+00   0.000000E+00   0.000000E+00   0.000000E+00   0.000000E+00   0.000000E+00
             13  -1.354722E-02  -8.403130E-03   2.200574E-15   1.257357E-05   2.867248E-05  -5.097347E-05   5.650575E-05   1.036159E-17   2.865443E-05   8.526010E-01   3.453195E+00  -9.412689E+00   4.563926E+00   8.369128E-13   2.314396E+00
             14   2.135217E-17  -6.437165E-03   2.477665E-15   6.286784E-06   1.433624E-05  -2.548673E-05  -2.825287E-05  -1.517203E-18   1.432721E-05   4.263005E-01   1.726598E+00  -4.706345E+00  -2.281963E+00  -1.218002E-13   1.157198E+00
             15   1.354722E-02  -8.403130E-03   1.708164E-15   0.000000E+00   0.000000E+00   0.000000E+00   0.000000E+00   0.000000E+00   0.000000E+00   0.000000E+00   0.000000E+00   0.000000E+00   0.000000E+00   0.000000E+00   0.000000E+00
             16  -1.356732E-02  -6.411093E-03  -3.871351E-03  -2.514713E-05  -5.734497E-05   1.019469E-04  -1.130115E-04  -1.252266E-17   5.730885E-05  -1.705202E+00  -6.906391E+00   1.882538E+01  -9.127852E+00  -1.014948E-12   4.628792E+00
             17   4.348316E-15  -4.683997E-03   3.065339E-15  -1.257357E-05  -2.867248E-05   5.097347E-05   5.650575E-05  -2.126861E-17   2.865443E-05  -8.526010E-01  -3.453195E+00   9.412689E+00   4.563926E+00  -1.717975E-12   2.314396E+00
             18   1.356732E-02  -6.411093E-03   3.871351E-03   0.000000E+00   0.000000E+00   0.000000E+00   0.000000E+00   0.000000E+00   0.000000E+00   0.000000E+00   0.000000E+00   0.000000E+00   0.000000E+00   0.000000E+00   0.000000E+00
             19  -2.772613E-02  -2.688891E-02   4.277594E-03   0.000000E+00   0.000000E+00   0.000000E+00   0.000000E+00   0.000000E+00   0.000000E+00   0.000000E+00   0.000000E+00   0.000000E+00   0.000000E+00   0.000000E+00   0.000000E+00
             20  -8.370226E-15  -2.484779E-02   9.747729E-15   0.000000E+00   0.000000E+00   0.000000E+00   0.000000E+00   0.000000E+00   0.000000E+00   0.000000E+00   0.000000E+00   0.000000E+00   0.000000E+00   0.000000E+00   0.000000E+00
             21   2.772613E-02  -2.688891E-02  -4.277594E-03   0.000000E+00   0.000000E+00   0.000000E+00   0.000000E+00   0.000000E+00   0.000000E+00   0.000000E+00   0.000000E+00   0.000000E+00   0.000000E+00   0.000000E+00   0.000000E+00
             22  -2.764708E-02  -2.904006E-02   9.149317E-15  -1.128222E-05  -5.372272E-06   1.047200E-05   5.516853E-06  -3.680263E-18  -1.537760E-05  -2.571544E+00  -1.616861E+00   9.425984E-01   4.455919E-01  -2.970329E-13  -1.242037E+00
             23  -2.366496E-18  -2.693670E-02   9.206993E-15  -5.641108E-06  -2.686136E-06   5.236000E-06  -2.758426E-06  -4.025706E-18  -7.688801E-06  -1.285772E+00  -8.084304E-01   4.712992E-01  -2.227960E-01  -3.252415E-13  -6.210186E-01
             24   2.764708E-02  -2.904006E-02   8.145737E-15   0.000000E+00   0.000000E+00   0.000000E+00   0.000000E+00   0.000000E+00   0.000000E+00   0.000000E+00   0.000000E+00   0.000000E+00   0.000000E+00   0.000000E+00   0.000000E+00
             25  -2.772613E-02  -2.688891E-02  -4.277594E-03   2.256443E-05   1.074454E-05  -2.094400E-05  -1.103371E-05   4.977130E-17  -3.075520E-05   5.143089E+00   3.233722E+00  -1.885197E+00  -8.911839E-01   4.020008E-12  -2.484074E+00
             26   8.363873E-15  -2.484779E-02   9.767959E-15   1.128222E-05   5.372272E-06  -1.047200E-05   5.516853E-06  -7.503519E-18  -1.537760E-05   2.571544E+00   1.616861E+00  -9.425984E-01   4.455919E-01  -6.059912E-13  -1.242037E+00
             27   2.772613E-02  -2.688891E-02   4.277594E-03   0.000000E+00   0.000000E+00   0.000000E+00   0.000000E+00   0.000000E+00   0.000000E+00   0.000000E+00   0.000000E+00   0.000000E+00   0.000000E+00   0.000000E+00   0.000000E+00
             28  -4.196092E-02  -6.177963E-02   4.276807E-03   0.000000E+00   0.000000E+00   0.000000E+00   0.000000E+00   0.000000E+00   0.000000E+00   0.000000E+00   0.000000E+00   0.000000E+00   0.000000E+00   0.000000E+00   0.000000E+00
             29  -1.206007E-14  -5.964202E-02   2.040899E-14   0.000000E+00   0.000000E+00   0.000000E+00   0.000000E+00   0.000000E+00   0.000000E+00   0.000000E+00   0.000000E+00   0.000000E+00   0.000000E+00   0.000000E+00   0.000000E+00
             30   4.196092E-02  -6.177963E-02  -4.276807E-03   0.000000E+00   0.000000E+00   0.000000E+00   0.000000E+00   0.000000E+00   0.000000E+00   0.000000E+00   0.000000E+00   0.000000E+00   0.000000E+00   0.000000E+00   0.000000E+00
             31  -4.196320E-02  -6.392439E-02   2.001941E-14   7.947600E-07   1.566363E-06  -1.697344E-06   1.644839E-06   7.126024E-17   3.501198E-06   2.088037E-01   3.334473E-01  -1.937671E-01   1.328524E-01   5.755621E-12   2.827891E-01
             32   2.292246E-17  -6.177934E-02   1.980288E-14   3.973800E-07   7.831817E-07  -8.486722E-07  -8.224197E-07   1.490459E-17   1.750599E-06   1.044018E-01   1.667236E-01  -9.688353E-02  -6.642621E-02   1.203845E-12   1.413945E-01
             33   4.196320E-02  -6.392439E-02   1.853620E-14   0.000000E+00   0.000000E+00   0.000000E+00   0.000000E+00   0.000000E+00   0.000000E+00   0.000000E+00   0.000000E+00   0.000000E+00   0.000000E+00   0.000000E+00   0.000000E+00
             34  -4.196092E-02  -6.177963E-02  -4.276807E-03  -1.589520E-06  -3.132727E-06   3.394689E-06  -3.289679E-06   4.167997E-17   7.002397E-06  -4.176073E-01  -6.668946E-01   3.875341E-01  -2.657048E-01   3.366493E-12   5.655782E-01
             35   1.202791E-14  -5.964202E-02   2.031799E-14  -7.947600E-07  -1.566363E-06   1.697344E-06   1.644839E-06  -9.240024E-18   3.501198E-06  -2.088037E-01  -3.334473E-01   1.937671E-01   1.328524E-01  -7.463075E-13   2.827891E-01
             36   4.196092E-02  -6.177963E-02   4.276807E-03   0.000000E+00   0.000000E+00   0.000000E+00   0.000000E+00   0.000000E+00   0.000000E+00   0.000000E+00   0.000000E+00   0.000000E+00   0.000000E+00   0.000000E+00   0.000000E+00
             37  -5.624791E-02  -1.108743E-01   4.287934E-03   0.000000E+00   0.000000E+00   0.000000E+00   0.000000E+00   0.000000E+00   0.000000E+00   0.000000E+00   0.000000E+00   0.000000E+00   0.000000E+00   0.000000E+00   0.000000E+00
             38  -1.526663E-14  -1.087357E-01   3.426266E-14   0.000000E+00   0.000000E+00   0.000000E+00   0.000000E+00   0.000000E+00   0.000000E+00   0.000000E+00   0.000000E+00   0.000000E+00   0.000000E+00   0.000000E+00   0.000000E+00
             39   5.624791E-02  -1.108743E-01  -4.287934E-03   0.000000E+00   0.000000E+00   0.000000E+00   0.000000E+00   0.000000E+00   0.000000E+00   0.000000E+00   0.000000E+00   0.000000E+00   0.000000E+00   0.000000E+00   0.000000E+00
             40  -5.624680E-02  -1.130186E-01   3.454139E-14  -2.813874E-07  -2.321556E-07   1.889271E-07   2.749555E-07  -1.253019E-16  -9.947695E-07  -8.478334E-02  -7.683051E-02  -8.809459E-03   2.220794E-02  -1.012053E-11  -8.034677E-02
             41   3.003513E-17  -1.108774E-01   3.387525E-14  -1.406937E-07  -1.160778E-07   9.446356E-08  -1.374777E-07   5.234719E-17  -4.973848E-07  -4.239167E-02  -3.841525E-02  -4.404730E-03  -1.110397E-02   4.228046E-12  -4.017338E-02
             42   5.624680E-02  -1.130186E-01   3.248394E-14   0.000000E+00   0.000000E+00   0.000000E+00   0.000000E+00   0.000000E+00   0.000000E+00   0.000000E+00   0.000000E+00   0.000000E+00   0.000000E+00   0.000000E+00   0.000000E+00
             43  -5.624791E-02  -1.108743E-01  -4.287934E-03   5.627748E-07   4.643111E-07  -3.778543E-07  -5.499110E-07  -1.518610E-16  -1.989539E-06   1.695667E-01   1.536610E-01   1.761892E-02  -4.441589E-02  -1.226569E-11  -1.606935E-01
             44   1.519604E-14  -1.087357E-01   3.426921E-14   2.813874E-07   2.321556E-07  -1.889271E-07   2.749555E-07   7.497475E-17  -9.947695E-07   8.478334E-02   7.683051E-02   8.809459E-03   2.220794E-02   6.055651E-12  -8.034677E-02
             45   5.624791E-02  -1.108743E-01   4.287934E-03   0.000000E+00   0.000000E+00   0.000000E+00   0.000000E+00   0.000000E+00   0.000000E+00   0.000000E+00   0.000000E+00   0.000000E+00   0.000000E+00   0.000000E+00   0.000000E+00
             46  -7.053144E-02  -1.742685E-01   4.284462E-03   0.000000E+00   0.000000E+00   0.000000E+00   0.000000E+00   0.000000E+00   0.000000E+00   0.000000E+00   0.000000E+00   0.000000E+00   0.000000E+00   0.000000E+00   0.000000E+00
             47  -1.800342E-14  -1.721252E-01   5.127894E-14   0.000000E+00   0.000000E+00   0.000000E+00   0.000000E+00   0.000000E+00   0.000000E+00   0.000000E+00   0.000000E+00   0.000000E+00   0.000000E+00   0.000000E+00   0.000000E+00
             48   7.053144E-02  -1.742685E-01  -4.284462E-03   0.000000E+00   0.000000E+00   0.000000E+00   0.000000E+00   0.000000E+00   0.000000E+00   0.000000E+00   0.000000E+00   0.000000E+00   0.000000E+00   0.000000E+00   0.000000E+00
             49  -7.053174E-02  -1.764109E-01   5.188288E-14  -1.606056E-07  -2.818677E-07   4.513938E-07   5.536284E-08   1.149395E-16   1.302779E-07  -2.486323E-02  -4.445171E-02   7.399822E-02   4.471614E-03   9.283569E-12   1.052245E-02
             50  -2.900619E-17  -1.742678E-01   5.082143E-14  -8.030282E-08  -1.409338E-07   2.256969E-07  -2.768142E-08  -6.013768E-17   6.513895E-08  -1.243162E-02  -2.222585E-02   3.699911E-02  -2.235807E-03  -4.857271E-12   5.261223E-03
             51   7.053174E-02  -1.764109E-01   4.919707E-14   0.000000E+00   0.000000E+00   0.000000E+00   0.000000E+00   0.000000E+00   0.000000E+00   0.000000E+00   0.000000E+00   0.000000E+00   0.000000E+00   0.000000E+00   0.000000E+00
             52  -7.053144E-02  -1.742685E-01  -4.284462E-03   3.212113E-07   5.637353E-07  -9.027877E-07  -1.107257E-07   1.068790E-16   2.605558E-07   4.972646E-02   8.890342E-02  -1.479964E-01  -8.943227E-03   8.632539E-12   2.104489E-02
             53   1.786570E-14  -1.721252E-01   5.128481E-14   1.606056E-07   2.818677E-07  -4.513938E-07   5.536284E-08  -1.168106E-16   1.302779E-07   2.486323E-02   4.445171E-02  -7.399822E-02   4.471614E-03  -9.434690E-12   1.052245E-02
             54   7.053144E-02  -1.742685E-01   4.284462E-03   0.000000E+00   0.000000E+00   0.000000E+00   0.000000E+00   0.000000E+00   0.000000E+00   0.000000E+00   0.000000E+00   0.000000E+00   0.000000E+00   0.000000E+00   0.000000E+00
             55  -8.481899E-02  -2.519417E-01   4.288068E-03   0.000000E+00   0.000000E+00   0.000000E+00   0.000000E+00   0.000000E+00   0.000000E+00   0.000000E+00   0.000000E+00   0.000000E+00   0.000000E+00   0.000000E+00   0.000000E+00
             56  -2.028498E-14  -2.498021E-01   7.079634E-14   0.000000E+00   0.000000E+00   0.000000E+00   0.000000E+00   0.000000E+00   0.000000E+00   0.000000E+00   0.000000E+00   0.000000E+00   0.000000E+00   0.000000E+00   0.000000E+00
             57   8.481899E-02  -2.519417E-01  -4.288068E-03   0.000000E+00   0.000000E+00   0.000000E+00   0.000000E+00   0.000000E+00   0.000000E+00   0.000000E+00   0.000000E+00   0.000000E+00   0.000000E+00   0.000000E+00   0.000000E+00
             58  -8.481761E-02  -2.540864E-01   7.184964E-14   6.662611E-07   1.171920E-06  -1.985126E-06   1.649490E-07  -1.058125E-16  -8.837997E-08   8.982381E-02   1.715072E-01  -3.384772E-01   1.332280E-02  -8.546347E-12  -7.138382E-03
             59  -1.244842E-16  -2.519449E-01   7.043967E-14   3.331305E-07   5.859600E-07  -9.925632E-07  -8.247448E-08   6.196547E-17  -4.418998E-08   4.491190E-02   8.575359E-02  -1.692386E-01  -6.661400E-03   5.004894E-12  -3.569191E-03
             60   8.481761E-02  -2.540864E-01   6.860221E-14   0.000000E+00   0.000000E+00   0.000000E+00   0.000000E+00   0.000000E+00   0.000000E+00   0.000000E+00   0.000000E+00   0.000000E+00   0.000000E+00   0.000000E+00   0.000000E+00
             61  -8.481899E-02  -2.519417E-01  -4.288068E-03  -1.332522E-06  -2.343840E-06   3.970253E-06  -3.298979E-07   1.167815E-18  -1.767599E-07  -1.796476E-01  -3.430143E-01   6.769545E-01  -2.664560E-02   9.427908E-14  -1.427676E-02
             62   2.007326E-14  -2.498021E-01   7.084941E-14  -6.662611E-07  -1.171920E-06   1.985126E-06   1.649490E-07  -6.243889E-17  -8.837997E-08  -8.982381E-02  -1.715072E-01   3.384772E-01   1.332280E-02  -5.043115E-12  -7.138382E-03
             63   8.481899E-02  -2.519417E-01   4.288068E-03   0.000000E+00   0.000000E+00   0.000000E+00   0.000000E+00   0.000000E+00   0.000000E+00   0.000000E+00   0.000000E+00   0.000000E+00   0.000000E+00   0.000000E+00   0.000000E+00
             64  -9.910705E-02  -3.439090E-01   4.272272E-03   0.000000E+00   0.000000E+00   0.000000E+00   0.000000E+00   0.000000E+00   0.000000E+00   0.000000E+00   0.000000E+00   0.000000E+00   0.000000E+00   0.000000E+00   0.000000E+00
             65  -2.216247E-14  -3.417606E-01   9.192496E-14   0.000000E+00   0.000000E+00   0.000000E+00   0.000000E+00   0.000000E+00   0.000000E+00   0.000000E+00   0.000000E+00   0.000000E+00   0.000000E+00   0.000000E+00   0.000000E+00
             66   9.910705E-02  -3.439090E-01  -4.272272E-03   0.000000E+00   0.000000E+00   0.000000E+00   0.000000E+00   0.000000E+00   0.000000E+00   0.000000E+00   0.000000E+00   0.000000E+00   0.000000E+00   0.000000E+00   0.000000E+00
             67  -9.911229E-02  -3.460437E-01   9.390940E-14  -2.184430E-06  -4.091954E-06   7.435193E-06   1.193062E-07   2.214644E-16  -3.296749E-07  -2.124752E-01  -5.206137E-01   1.341464E+00   9.636267E-03   1.788748E-11  -2.662759E-02
             68  -3.531246E-16  -3.439018E-01   9.202140E-14  -1.092215E-06  -2.045977E-06   3.717597E-06  -5.965308E-08  -5.111928E-17  -1.648374E-07  -1.062376E-01  -2.603069E-01   6.707320E-01  -4.818134E-03  -4.128880E-12  -1.331379E-02
             69   9.911229E-02  -3.460437E-01   8.976210E-14   0.000000E+00   0.000000E+00   0.000000E+00   0.000000E+00   0.000000E+00   0.000000E+00   0.000000E+00   0.000000E+00   0.000000E+00   0.000000E+00   0.000000E+00   0.000000E+00
             70  -9.910705E-02  -3.439090E-01  -4.272272E-03   4.368860E-06   8.183908E-06  -1.487039E-05  -2.386123E-07   5.509380E-16  -6.593498E-07   4.249505E-01   1.041227E+00  -2.682928E+00  -1.927253E-02   4.449862E-11  -5.325517E-02
             71   2.170787E-14  -3.417606E-01   9.228473E-14   2.184430E-06   4.091954E-06  -7.435193E-06   1.193062E-07  -4.580274E-17  -3.296749E-07   2.124752E-01   5.206137E-01  -1.341464E+00   9.636267E-03  -3.699440E-12  -2.662759E-02
             72   9.910705E-02  -3.439090E-01   4.272272E-03   0.000000E+00   0.000000E+00   0.000000E+00   0.000000E+00   0.000000E+00   0.000000E+00   0.000000E+00   0.000000E+00   0.000000E+00   0.000000E+00   0.000000E+00   0.000000E+00
             73  -1.133087E-01  -4.500656E-01   4.321107E-03   0.000000E+00   0.000000E+00   0.000000E+00   0.000000E+00   0.000000E+00   0.000000E+00   0.000000E+00   0.000000E+00   0.000000E+00   0.000000E+00   0.000000E+00   0.000000E+00
             74  -2.312743E-14  -4.480287E-01   1.150254E-13   0.000000E+00   0.000000E+00   0.000000E+00   0.000000E+00   0.000000E+00   0.000000E+00   0.000000E+00   0.000000E+00   0.000000E+00   0.000000E+00   0.000000E+00   0.000000E+00
             75   1.133087E-01  -4.500656E-01  -4.321107E-03   0.000000E+00   0.000000E+00   0.000000E+00   0.000000E+00   0.000000E+00   0.000000E+00   0.000000E+00   0.000000E+00   0.000000E+00   0.000000E+00   0.000000E+00   0.000000E+00
             76  -1.132955E-01  -4.522338E-01   1.173456E-13  -1.162910E-05   1.179793E-05  -1.481368E-05  -4.868846E-07  -6.643027E-18  -9.055758E-06  -3.652826E+00   1.315397E-01  -4.167259E+00  -3.932530E-02  -5.365170E-13  -7.314266E-01
             77  -1.870277E-16  -4.501694E-01   1.149251E-13  -5.814548E-06   5.898964E-06  -7.406840E-06   2.434423E-07  -6.464707E-17  -4.527879E-06  -1.826413E+00   6.576987E-02  -2.083629E+00   1.966265E-02  -5.221493E-12  -3.657133E-01
             78   1.132955E-01  -4.522338E-01   1.123472E-13   0.000000E+00   0.000000E+00   0.000000E+00   0.000000E+00   0.000000E+00   0.000000E+00   0.000000E+00   0.000000E+00   0.000000E+00   0.000000E+00   0.000000E+00   0.000000E+00
             79  -1.133087E-01  -4.500656E-01  -4.321107E-03   2.325819E-05  -2.359586E-05   2.962736E-05   9.737692E-07  -6.741028E-16  -1.811152E-05   7.305651E+00  -2.630795E-01   8.334517E+00   7.865059E-02  -5.444702E-11  -1.462853E+00
             80   2.285455E-14  -4.480287E-01   1.152144E-13   1.162910E-05  -1.179793E-05   1.481368E-05  -4.868846E-07   1.152659E-16  -9.055758E-06   3.652826E+00  -1.315397E-01   4.167259E+00  -3.932530E-02   9.309992E-12  -7.314266E-01
             81   1.133087E-01  -4.500656E-01   4.321107E-03   0.000000E+00   0.000000E+00   0.000000E+00   0.000000E+00   0.000000E+00   0.000000E+00   0.000000E+00   0.000000E+00   0.000000E+00   0.000000E+00   0.000000E+00   0.000000E+00
             82  -1.281333E-01  -5.708555E-01   4.053220E-03   0.000000E+00   0.000000E+00   0.000000E+00   0.000000E+00   0.000000E+00   0.000000E+00   0.000000E+00   0.000000E+00   0.000000E+00   0.000000E+00   0.000000E+00   0.000000E+00
             83  -2.400182E-14  -5.687880E-01   1.384934E-13   0.000000E+00   0.000000E+00   0.000000E+00   0.000000E+00   0.000000E+00   0.000000E+00   0.000000E+00   0.000000E+00   0.000000E+00   0.000000E+00   0.000000E+00   0.000000E+00
             84   1.281333E-01  -5.708555E-01  -4.053220E-03   0.000000E+00   0.000000E+00   0.000000E+00   0.000000E+00   0.000000E+00   0.000000E+00   0.000000E+00   0.000000E+00   0.000000E+00   0.000000E+00   0.000000E+00   0.000000E+00
             85  -1.280713E-01  -5.728508E-01   1.408199E-13  -2.267551E-06  -3.232949E-06   1.737649E-05   1.761270E-07   3.245484E-16  -8.440941E-06   1.072525E+00   9.165765E-01   4.245794E+00   1.422564E-02   2.621319E-11  -6.817683E-01
             86  -3.150732E-16  -5.708770E-01   1.385867E-13  -1.133775E-06  -1.616474E-06   8.688246E-06  -8.806350E-08   1.281416E-16  -4.220471E-06   5.362627E-01   4.582882E-01   2.122897E+00  -7.112821E-03   1.034819E-11  -3.408842E-01
             87   1.280713E-01  -5.728508E-01   1.357228E-13   0.000000E+00   0.000000E+00   0.000000E+00   0.000000E+00   0.000000E+00   0.000000E+00   0.000000E+00   0.000000E+00   0.000000E+00   0.000000E+00   0.000000E+00   0.000000E+00
             88  -1.281333E-01  -5.708555E-01  -4.053220E-03   4.535102E-06   6.465897E-06  -3.475298E-05  -3.522540E-07   7.781181E-16  -1.688188E-05  -2.145051E+00  -1.833153E+00  -8.491587E+00  -2.845129E-02   6.285160E-11  -1.363537E+00
             89   2.362704E-14  -5.687880E-01   1.389590E-13   2.267551E-06   3.232949E-06  -1.737649E-05   1.761270E-07  -1.538121E-16  -8.440941E-06  -1.072525E+00  -9.165765E-01  -4.245794E+00   1.422564E-02  -1.242298E-11  -6.817683E-01
             90   1.281333E-01  -5.708555E-01   4.053220E-03   0.000000E+00   0.000000E+00   0.000000E+00   0.000000E+00   0.000000E+00   0.000000E+00   0.000000E+00   0.000000E+00   0.000000E+00   0.000000E+00   0.000000E+00   0.000000E+00
             91  -1.388865E-01  -7.026573E-01   4.388966E-03   0.000000E+00   0.000000E+00   0.000000E+00   0.000000E+00   0.000000E+00   0.000000E+00   0.000000E+00   0.000000E+00   0.000000E+00   0.000000E+00   0.000000E+00   0.000000E+00
             92  -2.359740E-14  -7.036954E-01   1.620660E-13   0.000000E+00   0.000000E+00   0.000000E+00   0.000000E+00   0.000000E+00   0.000000E+00   0.000000E+00   0.000000E+00   0.000000E+00   0.000000E+00   0.000000E+00   0.000000E+00
             93   1.388865E-01  -7.026573E-01  -4.388966E-03   0.000000E+00   0.000000E+00   0.000000E+00   0.000000E+00   0.000000E+00   0.000000E+00   0.000000E+00   0.000000E+00   0.000000E+00   0.000000E+00   0.000000E+00   0.000000E+00
             94  -1.384782E-01  -7.044463E-01   1.649336E-13   0.000000E+00   0.000000E+00   0.000000E+00   0.000000E+00   0.000000E+00   0.000000E+00   0.000000E+00   0.000000E+00   0.000000E+00   0.000000E+00   0.000000E+00   0.000000E+00
             95  -2.782697E-16  -7.058387E-01   1.627802E-13   0.000000E+00   0.000000E+00   0.000000E+00   0.000000E+00   0.000000E+00   0.000000E+00   0.000000E+00   0.000000E+00   0.000000E+00   0.000000E+00   0.000000E+00   0.000000E+00
             96   1.384782E-01  -7.044463E-01   1.601429E-13   0.000000E+00   0.000000E+00   0.000000E+00   0.000000E+00   0.000000E+00   0.000000E+00   0.000000E+00   0.000000E+00   0.000000E+00   0.000000E+00   0.000000E+00   0.000000E+00
             97  -1.388865E-01  -7.026573E-01  -4.388966E-03   0.000000E+00   0.000000E+00   0.000000E+00   0.000000E+00   0.000000E+00   0.000000E+00   0.000000E+00   0.000000E+00   0.000000E+00   0.000000E+00   0.000000E+00   0.000000E+00
             98   2.376884E-14  -7.036954E-01   1.632264E-13   0.000000E+00   0.000000E+00   0.000000E+00   0.000000E+00   0.000000E+00   0.000000E+00   0.000000E+00   0.000000E+00   0.000000E+00   0.000000E+00   0.000000E+00   0.000000E+00
             99   1.388865E-01  -7.026573E-01   4.388966E-03   0.000000E+00   0.000000E+00   0.000000E+00   0.000000E+00   0.000000E+00   0.000000E+00   0.000000E+00   0.000000E+00   0.000000E+00   0.000000E+00   0.000000E+00   0.000000E+00
            100  -1.329602E-02  -7.971192E-03   1.830789E-03  -1.710303E-03  -2.461395E-05   1.821230E-04  -6.363263E-04  -9.570681E-06   3.531239E-04  -4.644067E+02  -1.921031E+02  -1.587071E+02  -5.139559E+01  -7.730165E-01   2.852154E+01
            101  -6.693048E-03  -6.683123E-03   2.526171E-15   1.043161E-03  -2.961413E-04  -3.273117E-04  -3.074305E-05  -2.780728E-07  -1.717804E-04   2.193600E+02   3.011087E+00  -2.024133E+00  -2.483092E+00  -2.245973E-02  -1.387457E+01
            102  -2.064384E-15  -6.169243E-03   2.538771E-15  -8.551516E-04  -1.230698E-05   9.106149E-05   3.181632E-04   4.785341E-06   1.765619E-04  -2.322034E+02  -9.605154E+01  -7.935356E+01   2.569779E+01   3.865083E-01   1.426077E+01
            103  -6.927988E-03  -4.872056E-03   1.980257E-03   8.262095E-05   2.461395E-05  -4.195455E-05   4.620414E-05   6.165987E-18  -3.782696E-04   2.125543E+01   1.188507E+01   1.131691E+00   3.731873E+00   4.985284E-13  -3.055255E+01
            104   0.000000E+00   0.000000E+00   0.000000E+00   0.000000E+00   0.000000E+00   0.000000E+00   0.000000E+00   0.000000E+00   0.000000E+00   0.000000E+00   0.000000E+00   0.000000E+00   0.000000E+00   0.000000E+00   0.000000E+00
            105   0.000000E+00   0.000000E+00   0.000000E+00   0.000000E+00   0.000000E+00   0.000000E+00   0.000000E+00   0.000000E+00   0.000000E+00   0.000000E+00   0.000000E+00   0.000000E+00   0.000000E+00   0.000000E+00   0.000000E+00
            106   0.000000E+00   0.000000E+00   0.000000E+00   2.307644E-03  -8.352011E-04  -7.418484E-04  -2.951245E-04  -2.171888E-05  -9.740448E-05   4.612876E+02  -4.640274E+01  -3.132269E+01  -2.383698E+01  -1.754218E+00  -7.867285E+00
            107   0.000000E+00   0.000000E+00   0.000000E+00   0.000000E+00   0.000000E+00   0.000000E+00   0.000000E+00   0.000000E+00   0.000000E+00   0.000000E+00   0.000000E+00   0.000000E+00   0.000000E+00   0.000000E+00   0.000000E+00
            108  -2.011805E-15   3.503491E-04   1.288064E-15   1.892004E-03  -1.914136E-05  -1.401684E-04  -1.975447E-05  -3.363503E-05  -6.879399E-04   5.155539E+02   2.068304E+02   1.872799E+02  -1.595554E+00  -2.716675E+00  -5.556438E+01
            109  -6.551231E-03  -2.187626E-03   3.337360E-03  -2.886519E-05   3.348854E-04   9.479325E-17   8.962486E-04  -9.414855E-05   4.458142E-06   3.241268E+01   9.117238E+01   3.707552E+01   7.238931E+01  -7.604306E+00   3.600807E-01
            110   6.039635E-18  -9.864337E-04   5.277173E-16  -2.445689E-04   4.003663E-04   3.637718E-04   2.142827E-05  -2.562893E-06  -1.073228E-04   2.344051E+01   1.276224E+02   1.217109E+02   1.730745E+00  -2.070029E-01  -8.668382E+00
            111  -6.143151E-03  -3.452429E-03   2.433700E-16  -2.291531E-03   9.800257E-04   7.463065E-04   2.581500E-04  -2.722451E-05   8.616000E-05  -4.386465E+02   8.983579E+01   5.208115E+01   2.085058E+01  -2.198903E+00   6.959077E+00
            112   6.693048E-03  -6.683123E-03   2.285413E-15   1.043161E-03  -2.961413E-04  -3.273117E-04   3.074305E-05   2.780728E-07  -1.717804E-04   2.193600E+02   3.011087E+00  -2.024133E+00   2.483092E+00   2.245973E-02  -1.387457E+01
            113   1.329602E-02  -7.971192E-03  -1.830789E-03   0.000000E+00   0.000000E+00   0.000000E+00   0.000000E+00   0.000000E+00   0.000000E+00   0.000000E+00   0.000000E+00   0.000000E+00   0.000000E+00   0.000000E+00   0.000000E+00
            114   6.927988E-03  -4.872056E-03  -1.980257E-03   8.262095E-05   2.461395E-05  -4.195455E-05  -4.620414E-05  -4.702539E-18  -3.782696E-04   2.125543E+01   1.188507E+01   1.131691E+00  -3.731873E+00  -3.801656E-13  -3.055255E+01
            115   0.000000E+00   0.000000E+00   0.000000E+00   0.000000E+00   0.000000E+00   0.000000E+00   0.000000E+00   0.000000E+00   0.000000E+00   0.000000E+00   0.000000E+00   0.000000E+00   0.000000E+00   0.000000E+00   0.000000E+00
            116   0.000000E+00   0.000000E+00   0.000000E+00   0.000000E+00   0.000000E+00   0.000000E+00   0.000000E+00   0.000000E+00   0.000000E+00   0.000000E+00   0.000000E+00   0.000000E+00   0.000000E+00   0.000000E+00   0.000000E+00
            117   0.000000E+00   0.000000E+00   0.000000E+00   2.307644E-03  -8.352011E-04  -7.418484E-04   2.951245E-04   2.171888E-05  -9.740448E-05   4.612876E+02  -4.640274E+01  -3.132269E+01   2.383698E+01   1.754218E+00  -7.867285E+00
            118   6.551231E-03  -2.187626E-03  -3.337360E-03   3.239252E-03  -2.966026E-04  -2.803368E-04  -8.567396E-04   2.687850E-05   5.029151E-05   8.458131E+02   2.746366E+02   2.772642E+02  -6.919820E+01   2.170956E+00   4.062006E+00
            119   6.143151E-03  -3.452429E-03  -8.586257E-18   1.898380E-03  -1.841980E-04  -1.446266E-04  -3.010065E-04   2.209872E-05   6.969553E-04   4.968190E+02   1.604026E+02   1.667949E+02  -2.431207E+01   1.784897E+00   5.629255E+01
            120  -1.329602E-02  -7.971192E-03  -1.830789E-03  -1.786894E-03   2.461395E-05   9.821387E-05  -5.834270E-04   9.570681E-06  -3.074412E-04  -4.902600E+02  -1.976319E+02  -1.857427E+02  -4.712295E+01   7.730165E-01  -2.483179E+01
            121  -6.927988E-03  -4.872056E-03  -1.980257E-03   2.153814E-03  -6.128380E-04  -6.216878E-04  -1.187567E-04   5.561456E-07   1.043757E-05   4.592992E+02   1.237844E+01   1.094886E+01  -9.591885E+00   4.491945E-02   8.430346E-01
            122   2.089903E-15  -6.169243E-03   2.541968E-15  -8.934468E-04   1.230698E-05   4.910693E-05   2.917135E-04  -4.785341E-06  -1.537206E-04  -2.451300E+02  -9.881594E+01  -9.287133E+01   2.356147E+01  -3.865083E-01  -1.241590E+01
            123   0.000000E+00   0.000000E+00   0.000000E+00   0.000000E+00   0.000000E+00   0.000000E+00   0.000000E+00   0.000000E+00   0.000000E+00   0.000000E+00   0.000000E+00   0.000000E+00   0.000000E+00   0.000000E+00   0.000000E+00
            124   0.000000E+00   0.000000E+00   0.000000E+00   4.450046E-03  -1.719630E-03  -1.399788E-03  -6.826573E-04   4.343777E-05  -5.617303E-04   8.800644E+02  -1.165756E+02  -6.490876E+01  -5.513771E+01   3.508435E+00  -4.537052E+01
            125   0.000000E+00   0.000000E+00   0.000000E+00   0.000000E+00   0.000000E+00   0.000000E+00   0.000000E+00   0.000000E+00   0.000000E+00   0.000000E+00   0.000000E+00   0.000000E+00   0.000000E+00   0.000000E+00   0.000000E+00
            126   2.023180E-15   3.503491E-04   1.295692E-15  -2.438336E-03   9.134249E-04   5.740302E-04  -2.310207E-05   3.876081E-05  -3.810174E-06  -5.090880E+02   3.235033E+01  -2.247496E+01  -1.865937E+00   3.130681E+00  -3.077448E-01
            127  -6.551231E-03  -2.187626E-03  -3.337360E-03  -4.478912E-03   1.753141E-03   1.408704E-03   4.436580E-04   2.565470E-05   5.797611E-04  -8.830842E+02   1.236319E+02   6.799215E+01   3.583391E+01   2.072111E+00   4.682686E+01
            128   6.927988E-03  -4.872056E-03   1.980257E-03   2.153814E-03  -6.128380E-04  -6.216878E-04   1.187567E-04  -5.561456E-07   1.043757E-05   4.592992E+02   1.237844E+01   1.094886E+01   9.591885E+00  -4.491945E-02   8.430346E-01
            129   1.329602E-02  -7.971192E-03   1.830789E-03   0.000000E+00   0.000000E+00   0.000000E+00   0.000000E+00   0.000000E+00   0.000000E+00   0.000000E+00   0.000000E+00   0.000000E+00   0.000000E+00   0.000000E+00   0.000000E+00
            130   0.000000E+00   0.000000E+00   0.000000E+00   0.000000E+00   0.000000E+00   0.000000E+00   0.000000E+00   0.000000E+00   0.000000E+00   0.000000E+00   0.000000E+00   0.000000E+00   0.000000E+00   0.000000E+00   0.000000E+00
            131   0.000000E+00   0.000000E+00   0.000000E+00   4.450046E-03  -1.719630E-03  -1.399788E-03   6.826573E-04  -4.343777E-05  -5.617303E-04   8.800644E+02  -1.165756E+02  -6.490876E+01   5.513771E+01  -3.508435E+00  -4.537052E+01
            132   6.551231E-03  -2.187626E-03   3.337360E-03  -1.611273E-05   6.953323E-06  -8.916284E-06  -3.974538E-04   5.186692E-05  -2.248896E-05  -4.792764E+00  -1.066710E+00  -3.630262E+00  -3.210204E+01   4.189251E+00  -1.816416E+00
            133  -2.774356E-02  -2.848710E-02   2.161344E-03  -2.142340E-03   8.392596E-04   6.101549E-04  -1.294739E-04   2.932303E-05   3.652122E-05  -4.300210E+02   5.162209E+01   1.461286E+01  -1.045751E+01   2.368399E+00   2.949791E+00
            134  -1.380071E-02  -2.750158E-02   9.302549E-15   1.058334E-03  -3.521606E-04  -2.793063E-04  -5.366756E-05   4.170696E-07   1.776671E-05   2.226782E+02  -5.170912E+00   6.597859E+00  -4.334688E+00   3.368639E-02   1.435003E+00
            135  -4.108960E-15  -2.640772E-02   9.347581E-15  -1.071170E-03   4.196298E-04   3.050774E-04   6.473696E-05  -1.466152E-05   1.826061E-05  -2.150105E+02   2.581104E+01   7.306430E+00   5.228755E+00  -1.184199E+00   1.474896E+00
            136  -1.382193E-02  -2.537140E-02   2.131647E-03   1.512951E-05   4.516937E-05  -7.489019E-05   1.034747E-04   4.530511E-18   4.514638E-05   6.762056E-01   5.528798E+00  -1.386544E+01   8.357573E+00   3.664644E-13   3.646439E+00
            137  -6.384304E-15  -1.281595E-02   5.936249E-15   2.130594E-03  -8.156108E-04  -6.611283E-04  -7.999023E-05  -6.835491E-06  -5.280233E-06   4.233899E+02  -5.253549E+01  -2.758063E+01  -6.460750E+00  -5.520974E-01  -4.264804E-01
            138  -2.064551E-02  -1.494421E-02   4.249411E-03   3.709181E-05  -2.525440E-04   8.916284E-06   2.323115E-04   1.656600E-05  -2.766209E-05  -1.903087E+01  -6.581819E+01  -2.358230E+01   1.876362E+01   1.338023E+00  -2.234245E+00
            139   1.576992E-17  -1.482703E-02   5.311902E-15   8.462028E-06  -1.555255E-04   6.712827E-05   6.586380E-05   5.351820E-07   2.956063E-05  -8.317515E+00  -3.480781E+01   1.159339E+00   5.319768E+00   4.322624E-02   2.387590E+00
            140  -2.056450E-02  -1.706651E-02   5.096499E-15  -2.180492E-03   4.809901E-04   7.003211E-04  -3.027484E-05   5.090668E-05  -2.254891E-05  -4.732878E+02  -4.335615E+01  -7.925758E+00  -2.445276E+00   4.111693E+00  -1.821258E+00
            141   1.380071E-02  -2.750158E-02   8.795547E-15   1.058334E-03  -3.521606E-04  -2.793063E-04   5.366756E-05  -4.170696E-07   1.776671E-05   2.226782E+02  -5.170912E+00   6.597859E+00   4.334688E+00  -3.368639E-02   1.435003E+00
            142   2.774356E-02  -2.848710E-02  -2.161344E-03   0.000000E+00   0.000000E+00   0.000000E+00   0.000000E+00   0.000000E+00   0.000000E+00   0.000000E+00   0.000000E+00   0.000000E+00   0.000000E+00   0.000000E+00   0.000000E+00
            143   1.382193E-02  -2.537140E-02  -2.131647E-03   1.512951E-05   4.516937E-05  -7.489019E-05  -1.034747E-04  -7.111305E-18   4.514638E-05   6.762056E-01   5.528798E+00  -1.386544E+01  -8.357573E+00  -5.726932E-13   3.646439E+00
            144   2.064551E-02  -1.494421E-02  -4.249411E-03   4.265969E-03  -1.506266E-03  -1.079446E-03  -7.233108E-05  -3.023698E-05  -1.408463E-04   8.926877E+02  -3.975037E+01   2.919762E+01  -5.842125E+00  -2.442218E+00  -1.137604E+01
            145   2.056450E-02  -1.706651E-02   4.353668E-15   2.117822E-03  -7.174423E-04  -6.648715E-04  -1.014527E-04  -4.983631E-05  -4.293110E-06   4.312193E+02  -2.678489E+01  -1.829268E+01  -8.194260E+00  -4.025241E+00  -3.467512E-01
            146  -2.774356E-02  -2.848710E-02  -2.161344E-03  -2.139784E-03   8.557565E-04   5.862381E-04  -8.250496E-05  -2.932303E-05  -5.301318E-05  -4.301973E+02   5.369769E+01   1.016011E+01  -6.663862E+00  -2.368399E+00  -4.281834E+00
            147  -1.382193E-02  -2.537140E-02  -2.131647E-03   2.149639E-03  -6.523485E-04  -6.500875E-04  -6.398994E-06  -8.341392E-07  -9.948471E-06   4.498914E+02  -2.737423E+00  -2.372191E+00  -5.168418E-01  -6.737278E-02  -8.035303E-01
            148   4.126084E-15  -2.640772E-02   9.362652E-15  -1.069892E-03   4.278782E-04   2.931191E-04   4.125248E-05   1.466152E-05  -2.650659E-05  -2.150987E+02   2.684884E+01   5.080055E+00   3.331931E+00   1.184199E+00  -2.140917E+00
            149   6.392010E-15  -1.281595E-02   5.949428E-15  -2.188152E-03   6.121524E-04   6.487445E-04  -5.173736E-05   5.765127E-06  -8.616609E-07  -4.658112E+02  -1.345434E+01  -7.543308E+00  -4.178787E+00   4.656449E-01  -6.959569E-02
            150  -2.064551E-02  -1.494421E-02  -4.249411E-03  -4.270537E-03   1.291930E-03   1.241946E-03   1.742556E-04   2.334827E-05  -1.753287E-05  -9.002591E+02  -1.706683E+00  -9.781169E+00   1.407449E+01   1.885822E+00  -1.416116E+00
            151   1.382193E-02  -2.537140E-02   2.131647E-03   2.149639E-03  -6.523485E-04  -6.500875E-04   6.398994E-06   8.341392E-07  -9.948471E-06   4.498914E+02  -2.737423E+00  -2.372191E+00   5.168418E-01   6.737278E-02  -8.035303E-01
            152   2.774356E-02  -2.848710E-02   2.161344E-03   0.000000E+00   0.000000E+00   0.000000E+00   0.000000E+00   0.000000E+00   0.000000E+00   0.000000E+00   0.000000E+00   0.000000E+00   0.000000E+00   0.000000E+00   0.000000E+00
            153   2.064551E-02  -1.494421E-02   4.249411E-03   1.154781E-05  -8.923445E-05   1.429966E-06  -7.078093E-05  -1.181801E-05   1.830851E-06  -7.373373E+00  -2.365358E+01  -9.007794E+00  -5.716921E+00  -9.545319E-01   1.478764E-01
            154  -4.194487E-02  -6.338936E-02   2.134771E-03  -2.123809E-03   5.909688E-04   6.388568E-04   7.558911E-07   3.421487E-08  -3.354124E-06  -4.513864E+02  -1.284534E+01  -5.109602E+00   6.105274E-02   2.763508E-03  -2.709100E-01
            155  -2.098884E-02  -6.230376E-02   2.007229E-14   1.081366E-03  -3.160154E-04  -3.307749E-04  -1.598136E-06   1.487941E-07  -8.509957E-06   2.273326E+02   1.601843E+00  -7.823953E-01  -1.290802E-01   1.201799E-02  -6.873426E-01
            156  -5.951823E-15  -6.125170E-02   1.997921E-14  -1.061905E-03   2.954844E-04   3.194284E-04  -3.779455E-07  -1.710743E-08  -1.677062E-06  -2.256932E+02  -6.422672E+00  -2.554801E+00  -3.052637E-02  -1.381754E-03  -1.354550E-01
            157  -2.099158E-02  -6.016601E-02   2.142058E-03  -1.784228E-05  -6.803325E-06   1.658474E-05   2.538592E-06  -5.549963E-18  -1.956144E-05  -3.858818E+00  -2.075603E+00   1.702470E+00   2.050402E-01  -4.479560E-13  -1.579963E+00
            158  -1.027289E-14  -4.042642E-02   1.461385E-14   2.114745E-03  -5.858950E-04  -6.283848E-04  -4.027722E-06  -3.726055E-06  -1.256372E-05   4.507076E+02   1.445030E+01   7.586568E+00  -3.253160E-01  -3.009506E-01  -1.014762E+00
            159  -3.481806E-02  -4.259159E-02   4.279941E-03  -1.045026E-05   3.258683E-05  -1.429966E-06   1.158328E-05  -1.328970E-05   2.911325E-06   8.205655E-01   7.772710E+00   2.277690E+00   9.355724E-01  -1.073398E+00   2.351455E-01
            160  -7.834941E-18  -4.256908E-02   1.406260E-14   3.475752E-07   3.321539E-05  -8.789737E-06   2.648509E-06   2.242876E-06  -1.224818E-05   3.057519E+00   8.366935E+00   1.581491E+00   2.139181E-01   1.811553E-01  -9.892759E-01
            161  -3.480789E-02  -4.471932E-02   1.410617E-14  -2.137810E-03   6.810263E-04   6.331533E-04  -6.006897E-07  -4.228250E-06   8.503724E-06  -4.451246E+02   1.022591E+01   2.492576E+00  -4.851724E-02  -3.415125E-01   6.868392E-01
            162   2.098884E-02  -6.230376E-02   1.931675E-14   1.081366E-03  -3.160154E-04  -3.307749E-04   1.598136E-06  -1.487941E-07  -8.509957E-06   2.273326E+02   1.601843E+00  -7.823953E-01   1.290802E-01  -1.201799E-02  -6.873426E-01
            163   4.194487E-02  -6.338936E-02  -2.134771E-03   0.000000E+00   0.000000E+00   0.000000E+00   0.000000E+00   0.000000E+00   0.000000E+00   0.000000E+00   0.000000E+00   0.000000E+00   0.000000E+00   0.000000E+00   0.000000E+00
            164   2.099158E-02  -6.016601E-02  -2.142058E-03  -1.784228E-05  -6.803325E-06   1.658474E-05  -2.538592E-06   1.919290E-17  -1.956144E-05  -3.858818E+00  -2.075603E+00   1.702470E+00  -2.050402E-01   1.549909E-12  -1.579963E+00
            165   3.481806E-02  -4.259159E-02  -4.279941E-03   4.289316E-03  -1.221810E-03  -1.309453E-03  -3.527833E-06   5.837586E-06   4.400028E-05   9.058844E+02   1.562554E+01   1.467838E+00  -2.849403E-01   4.714973E-01   3.553869E+00
            166   3.480789E-02  -4.471932E-02   1.286540E-14   2.122977E-03  -6.136013E-04  -6.280353E-04  -4.696329E-06   8.714001E-06   1.313273E-05   4.497203E+02   7.657577E+00   5.325943E+00  -3.793189E-01   7.038232E-01   1.060720E+00
            167  -4.194487E-02  -6.338936E-02  -2.134771E-03  -2.130369E-03   5.895378E-04   6.449695E-04  -2.222369E-06  -3.421487E-08   7.537965E-06  -4.526737E+02  -1.330409E+01  -4.349730E+00  -1.794990E-01  -2.763508E-03   6.088356E-01
            168  -2.099158E-02  -6.016601E-02  -2.142058E-03   2.143982E-03  -6.412089E-04  -6.423032E-04  -2.874150E-06  -2.975882E-07   2.102759E-06   4.505848E+02   6.693421E-01   4.925688E-01  -2.321429E-01  -2.403597E-02   1.698382E-01
            169   5.986636E-15  -6.125170E-02   1.991711E-14  -1.065185E-03   2.947689E-04   3.224848E-04   1.111185E-06   1.710743E-08   3.768982E-06  -2.263368E+02  -6.652043E+00  -2.174865E+00   8.974952E-02   1.381754E-03   3.044178E-01
            170   1.025984E-14  -4.042642E-02   1.459487E-14  -2.142699E-03   6.504579E-04   6.457283E-04  -1.269296E-06  -7.596963E-07  -7.050540E-07  -4.486865E+02   2.515706E+00   1.751694E+00  -1.025201E-01  -6.136009E-02  -5.694667E-02
            171  -3.481806E-02  -4.259159E-02  -4.279941E-03  -4.309729E-03   1.306631E-03   1.300906E-03   1.343975E-06  -2.538459E-06   1.920411E-05  -9.024141E+02   4.843946E+00   3.919206E+00   1.085518E-01  -2.050294E-01   1.551102E+00
            172   2.099158E-02  -6.016601E-02   2.142058E-03   2.143982E-03  -6.412089E-04  -6.423032E-04   2.874150E-06   2.975882E-07   2.102759E-06   4.505848E+02   6.693421E-01   4.925688E-01   2.321429E-01   2.403597E-02   1.698382E-01
            173   4.194487E-02  -6.338936E-02   2.134771E-03   0.000000E+00   0.000000E+00   0.000000E+00   0.000000E+00   0.000000E+00   0.000000E+00   0.000000E+00   0.000000E+00   0.000000E+00   0.000000E+00   0.000000E+00   0.000000E+00
            174   3.481806E-02  -4.259159E-02   4.279941E-03   6.013264E-06   9.730021E-06  -7.309829E-07   1.194618E-06   1.019066E-06  -3.876471E-07   2.790172E+00   3.390571E+00   1.700716E+00   9.648835E-02   8.230918E-02  -3.130996E-02
            175  -5.625211E-02  -1.124821E-01   2.144577E-03  -2.145597E-03   6.553459E-04   6.424475E-04  -5.918755E-06   1.457693E-06   7.963889E-07  -4.493112E+02   3.148842E+00   1.065256E+00  -4.780532E-01   1.177368E-01   6.432372E-02
            176  -2.812045E-02  -1.114150E-01   3.425012E-14   1.070575E-03  -3.224816E-04  -3.198307E-04  -1.035875E-06  -2.515166E-08   1.970151E-06   2.248246E+02  -2.075528E-01   2.206717E-01  -8.366682E-02  -2.031480E-03   1.591276E-01
            177  -7.560004E-15  -1.103411E-01   3.396948E-14  -1.072799E-03   3.276729E-04   3.212237E-04   2.959377E-06  -7.288467E-07   3.981944E-07  -2.246556E+02   1.574421E+00   5.326282E-01   2.390266E-01  -5.886839E-02   3.216186E-02
            178  -2.812059E-02  -1.092713E-01   2.142956E-03   9.070232E-07   2.374856E-06  -2.661912E-06   2.216471E-06  -5.420900E-17   4.644289E-06   2.216306E-01   4.587419E-01  -3.548897E-01   1.790227E-01  -4.378387E-12   3.751156E-01
            179  -1.370971E-14  -8.240010E-02   2.694457E-14   2.145963E-03  -6.550277E-04  -6.441448E-04  -1.930655E-06   2.677216E-07   2.938081E-06   4.492475E+02  -3.220238E+00  -1.462239E+00  -1.559375E-01   2.162367E-02   2.373066E-01
            180  -4.910633E-02  -8.454014E-02   4.286812E-03   2.897282E-06  -1.283792E-05   7.309829E-07   8.014437E-06   1.337895E-06  -8.541905E-07  -6.477631E-01  -3.189604E+00  -9.977038E-01   6.473199E-01   1.080607E-01  -6.899231E-02
            181   3.379955E-18  -8.454216E-02   2.646390E-14   6.710383E-07  -8.635347E-06   2.223396E-06   1.519446E-06  -2.847264E-07   2.628628E-06  -5.871351E-01  -2.090474E+00  -3.363695E-01   1.227244E-01  -2.299713E-02   2.123122E-01
            182  -4.910493E-02  -8.668334E-02   2.684246E-14  -2.142850E-03   6.324387E-04   6.452296E-04   1.494336E-06   1.935315E-06  -2.326950E-06  -4.509728E+02  -2.656956E+00  -5.907267E-01   1.206964E-01   1.563139E-01  -1.879459E-01
            183   2.812045E-02  -1.114150E-01   3.329582E-14   1.070575E-03  -3.224816E-04  -3.198307E-04   1.035875E-06   2.515166E-08   1.970151E-06   2.248246E+02  -2.075528E-01   2.206717E-01   8.366682E-02   2.031480E-03   1.591276E-01
            184   5.625211E-02  -1.124821E-01  -2.144577E-03   0.000000E+00   0.000000E+00   0.000000E+00   0.000000E+00   0.000000E+00   0.000000E+00   0.000000E+00   0.000000E+00   0.000000E+00   0.000000E+00   0.000000E+00   0.000000E+00
            185   2.812059E-02  -1.092713E-01  -2.142956E-03   9.070232E-07   2.374856E-06  -2.661912E-06  -2.216471E-06   2.539539E-17   4.644289E-06   2.216306E-01   4.587419E-01  -3.548897E-01  -1.790227E-01   2.051175E-12   3.751156E-01
            186   4.910633E-02  -8.454014E-02  -4.286812E-03   4.287342E-03  -1.300107E-03  -1.280302E-03  -4.153126E-06  -8.024517E-07  -1.049371E-05   8.993721E+02  -3.215879E+00  -1.659914E-02  -3.354448E-01  -6.481341E-02  -8.475688E-01
            187   4.910493E-02  -8.668334E-02   2.506554E-14   2.143495E-03  -6.482422E-04  -6.444093E-04  -4.533227E-06  -2.504768E-06  -2.919390E-06   4.493398E+02  -1.633091E+00  -1.013927E+00  -3.661453E-01  -2.023082E-01  -2.357969E-01
            188  -5.625211E-02  -1.124821E-01  -2.144577E-03  -2.145485E-03   6.561544E-04   6.414829E-04  -5.347123E-06  -1.457693E-06  -1.939479E-06  -4.492984E+02   3.274137E+00   9.041338E-01  -4.318830E-01  -1.177368E-01  -1.566503E-01
            189  -2.812059E-02  -1.092713E-01  -2.142956E-03   2.142408E-03  -6.420627E-04  -6.428672E-04  -8.095015E-08   5.030332E-08  -6.750119E-07   4.499680E+02   1.689310E-01   3.897229E-02  -6.538281E-03   4.062960E-03  -5.452019E-02
            190   7.565299E-15  -1.103411E-01   3.395056E-14  -1.072743E-03   3.280772E-04   3.207415E-04   2.673561E-06   7.288467E-07  -9.697397E-07  -2.246492E+02   1.637069E+00   4.520669E-01   2.159415E-01   5.886839E-02  -7.832513E-02
            191   1.368102E-14  -8.240010E-02   2.690905E-14  -2.145094E-03   6.408411E-04   6.430360E-04  -1.108236E-06   3.017312E-07   2.207721E-08  -4.508549E+02  -8.192193E-01  -4.646603E-01  -8.951134E-02   2.437060E-02   1.783159E-03
            192  -4.910633E-02  -8.454014E-02  -4.286812E-03  -4.285067E-03   1.284181E-03   1.284404E-03   3.794596E-06   1.351430E-06  -3.780488E-06  -9.001615E+02  -5.136889E-01  -4.776264E-01   3.064866E-01   1.091540E-01  -3.053471E-01
            193   2.812059E-02  -1.092713E-01   2.142956E-03   2.142408E-03  -6.420627E-04  -6.428672E-04   8.095015E-08  -5.030332E-08  -6.750119E-07   4.499680E+02   1.689310E-01   3.897229E-02   6.538281E-03  -4.062960E-03  -5.452019E-02
            194   5.625211E-02  -1.124821E-01   2.144577E-03   0.000000E+00   0.000000E+00   0.000000E+00   0.000000E+00   0.000000E+00   0.000000E+00   0.000000E+00   0.000000E+00   0.000000E+00   0.000000E+00   0.000000E+00   0.000000E+00
            195   4.910633E-02  -8.454014E-02   4.286812E-03  -2.038960E-06  -2.543415E-06   2.021038E-07  -1.578125E-06  -7.479677E-07   4.151382E-08  -8.600573E-01  -9.415461E-01  -4.980392E-01  -1.274639E-01  -6.041278E-02   3.353039E-03
            196  -7.053064E-02  -1.758749E-01   2.142369E-03  -2.141862E-03   6.401683E-04   6.429386E-04   1.028761E-06  -1.899536E-07  -1.207065E-07  -4.500345E+02  -6.296579E-01  -1.821487E-01   8.309221E-02  -1.534241E-02  -9.749371E-03
            197  -3.526686E-02  -1.748041E-01   5.147119E-14   1.071848E-03  -3.232632E-04  -3.219173E-04  -4.348299E-08   1.379940E-07  -6.443369E-07   2.248372E+02  -5.269828E-01  -3.095712E-01  -3.512088E-03   1.114567E-02  -5.204260E-02
            198  -8.974178E-15  -1.737322E-01   5.091065E-14  -1.070931E-03   3.200841E-04   3.214693E-04  -5.143804E-07   9.497680E-08  -6.035325E-08  -2.250173E+02  -3.148290E-01  -9.107435E-02  -4.154611E-02   7.671203E-03  -4.874685E-03
            199  -3.526670E-02  -1.726616E-01   2.142740E-03  -3.513590E-07  -5.257155E-07   5.438503E-07   2.256716E-07   1.674027E-17  -1.378999E-06  -9.712939E-02  -1.252947E-01   4.748135E-02   1.822732E-02   1.352111E-12  -1.113806E-01
            200  -1.669222E-14  -1.386438E-01   4.243791E-14   2.141621E-03  -6.397951E-04  -6.427497E-04  -2.503135E-07  -1.028390E-07  -9.500627E-07   4.500345E+02   7.288604E-01   2.515866E-01  -2.021763E-02  -8.306230E-03  -7.673584E-02
            201  -6.338904E-02  -1.407880E-01   4.285458E-03  -8.696647E-07   2.033660E-06  -2.021038E-07  -7.757128E-07  -4.059172E-07   1.935133E-07  -2.394743E-02   4.450512E-01   8.388933E-02  -6.265373E-02  -3.278562E-02   1.562992E-02
            202   1.692517E-17  -1.407868E-01   4.203448E-14  -6.794928E-08   1.288155E-06  -6.625240E-07   1.815747E-07   8.599532E-08  -7.031295E-07   5.658885E-02   2.756518E-01  -3.945784E-02   1.466565E-02   6.945776E-03  -5.679123E-02
            203  -6.338934E-02  -1.429305E-01   4.288044E-14  -2.142845E-03   6.446239E-04   6.422733E-04  -6.024962E-07  -2.115547E-07   6.837307E-07  -4.498533E+02   4.301660E-01   5.044375E-02  -4.866316E-02  -1.708711E-02   5.522440E-02
            204   3.526686E-02  -1.748041E-01   5.017049E-14   1.071848E-03  -3.232632E-04  -3.219173E-04   4.348299E-08  -1.379940E-07  -6.443369E-07   2.248372E+02  -5.269828E-01  -3.095712E-01   3.512088E-03  -1.114567E-02  -5.204260E-02
            205   7.053064E-02  -1.758749E-01  -2.142369E-03   0.000000E+00   0.000000E+00   0.000000E+00   0.000000E+00   0.000000E+00   0.000000E+00   0.000000E+00   0.000000E+00   0.000000E+00   0.000000E+00   0.000000E+00   0.000000E+00
            206   3.526670E-02  -1.726616E-01  -2.142740E-03  -3.513590E-07  -5.257155E-07   5.438503E-07  -2.256716E-07  -2.939525E-17  -1.378999E-06  -9.712939E-02  -1.252947E-01   4.748135E-02  -1.822732E-02  -2.374223E-12  -1.113806E-01
            207   6.338904E-02  -1.407880E-01  -4.285458E-03   4.285215E-03  -1.282529E-03  -1.286763E-03   1.276340E-06   2.002391E-07   2.957896E-06   9.001176E+02   7.127879E-01   2.895062E-02   1.030890E-01   1.617316E-02   2.389070E-01
            208   6.338934E-02  -1.429305E-01   4.046114E-14   2.142450E-03  -6.420050E-04  -6.426995E-04   2.393469E-07   3.835453E-07   8.943189E-07   4.500072E+02   2.106713E-01   9.847099E-02   1.933187E-02   3.097866E-02   7.223345E-02
            209  -7.053064E-02  -1.758749E-01  -2.142369E-03  -2.141932E-03   6.398747E-04   6.432935E-04   9.794768E-07   1.899536E-07   5.049355E-07  -4.500469E+02  -6.781221E-01  -1.258579E-01   7.911159E-02   1.534241E-02   4.078325E-02
            210  -3.526670E-02  -1.726616E-01  -2.142740E-03   2.143174E-03  -6.472725E-04  -6.430053E-04   3.010303E-07  -2.759879E-07   2.677339E-07   4.495368E+02  -1.227724E+00  -5.384091E-01   2.431398E-02  -2.229133E-02   2.162466E-02
            211   8.885681E-15  -1.737322E-01   5.100081E-14  -1.070966E-03   3.199374E-04   3.216468E-04  -4.897384E-07  -9.497680E-08   2.524677E-07  -2.250234E+02  -3.390610E-01  -6.292895E-02  -3.955580E-02  -7.671203E-03   2.039163E-02
            212   1.660296E-14  -1.386438E-01   4.244604E-14  -2.142156E-03   6.418269E-04   6.430332E-04  -1.128358E-07  -6.915160E-08   1.404711E-07  -4.499053E+02  -1.849514E-01   9.909728E-03  -9.113660E-03  -5.585322E-03   1.134575E-02
            213  -6.338904E-02  -1.407880E-01  -4.285458E-03  -4.285686E-03   1.285301E-03   1.285836E-03  -9.130359E-08  -8.187296E-08   1.197022E-06  -9.000272E+02  -9.860090E-02  -1.209741E-02  -7.374520E-03  -6.612816E-03   9.668257E-02
            214   3.526670E-02  -1.726616E-01   2.142740E-03   2.143174E-03  -6.472725E-04  -6.430053E-04  -3.010303E-07   2.759879E-07   2.677339E-07   4.495368E+02  -1.227724E+00  -5.384091E-01  -2.431398E-02   2.229133E-02   2.162466E-02
            215   7.053064E-02  -1.758749E-01   2.142369E-03   0.000000E+00   0.000000E+00   0.000000E+00   0.000000E+00   0.000000E+00   0.000000E+00   0.000000E+00   0.000000E+00   0.000000E+00   0.000000E+00   0.000000E+00   0.000000E+00
            216   6.338904E-02  -1.407880E-01   4.285458E-03   7.886412E-07  -8.266565E-07  -1.018951E-07   3.169752E-07  -5.643024E-08   1.002060E-09   1.104452E-01  -1.504875E-01  -3.341068E-02   2.560184E-02  -4.557827E-03   8.093566E-05
            217  -8.481737E-02  -2.535518E-01   2.143044E-03  -2.142923E-03   6.420744E-04   6.429755E-04  -7.722713E-07   1.304091E-07  -8.620702E-08  -4.500993E+02  -2.149754E-01  -6.942096E-02  -6.237576E-02   1.053305E-02  -6.962875E-03
            218  -4.241004E-02  -2.524760E-01   7.128592E-14   1.071212E-03  -3.144455E-04  -3.203544E-04  -3.388622E-06  -6.175857E-07   6.534236E-07   2.259150E+02   2.077977E+00   1.123461E+00  -2.736964E-01  -4.988193E-02   5.277652E-02
            219  -1.018384E-14  -2.514098E-01   7.050943E-14  -1.071462E-03   3.210372E-04   3.214877E-04   3.861356E-07  -6.520457E-08  -4.310351E-08  -2.250496E+02  -1.074877E-01  -3.471048E-02   3.118788E-02  -5.266523E-03  -3.481437E-03
            220  -4.241062E-02  -2.503329E-01   2.142675E-03   1.710050E-07   2.204633E-07  -2.853978E-07  -1.623247E-07   1.555988E-16   3.580585E-07   4.047472E-02   4.846415E-02  -3.325187E-02  -1.311084E-02   1.256759E-11   2.892011E-02
            221  -1.919548E-14  -2.091772E-01   6.069571E-14   2.142753E-03  -6.423704E-04  -6.425241E-04   5.348092E-08   5.149573E-08   3.099316E-07   4.500699E+02   1.653195E-01   1.405032E-01   4.319613E-03   4.159271E-03   2.503294E-02
            222  -7.767460E-02  -2.113200E-01   4.285643E-03  -2.929553E-08   7.909948E-07   1.018951E-07   8.087288E-07  -1.223788E-07  -1.858913E-07   9.989544E-02   2.324039E-01   1.210878E-01   6.532041E-02  -9.884439E-03  -1.501430E-02
            223  -7.849435E-17  -2.113199E-01   6.039795E-14  -5.326200E-07   2.057779E-06   8.944290E-07  -6.732163E-08  -1.806923E-08   4.201205E-08   2.071038E-01   6.255529E-01   4.376271E-01  -5.437516E-03  -1.459438E-03   3.393281E-03
            224  -7.767445E-02  -2.134634E-01   6.152672E-14  -2.143394E-03   6.451405E-04   6.432057E-04   4.254147E-07  -4.401545E-07  -8.537291E-08  -4.498330E+02   6.226191E-01   3.100861E-01   3.436042E-02  -3.555094E-02  -6.895504E-03
            225   4.241004E-02  -2.524760E-01   6.958875E-14   1.071212E-03  -3.144455E-04  -3.203544E-04   3.388622E-06   6.175857E-07   6.534236E-07   2.259150E+02   2.077977E+00   1.123461E+00   2.736964E-01   4.988193E-02   5.277652E-02
            226   8.481737E-02  -2.535518E-01  -2.143044E-03   0.000000E+00   0.000000E+00   0.000000E+00   0.000000E+00   0.000000E+00   0.000000E+00   0.000000E+00   0.000000E+00   0.000000E+00   0.000000E+00   0.000000E+00   0.000000E+00
            227   4.241062E-02  -2.503329E-01  -2.142675E-03   1.710050E-07   2.204633E-07  -2.853978E-07   1.623247E-07  -7.412234E-17   3.580585E-07   4.047472E-02   4.846415E-02  -3.325187E-02   1.311084E-02  -5.986812E-12   2.892011E-02
            228   7.767460E-02  -2.113200E-01  -4.285643E-03   4.285554E-03  -1.285352E-03  -1.285482E-03  -9.156907E-07   2.253702E-07  -5.447051E-07   9.000267E+02   1.110271E-01   9.008989E-02  -7.395963E-02   1.820298E-02  -4.399541E-02
            229   7.767445E-02  -2.134634E-01   5.857130E-14   2.142792E-03  -6.405872E-04  -6.424391E-04  -2.907715E-07   4.040161E-07  -2.214367E-07   4.503073E+02   6.844630E-01   3.853220E-01  -2.348539E-02   3.263207E-02  -1.788527E-02
            230  -8.481737E-02  -2.535518E-01  -2.143044E-03  -2.142592E-03   6.425767E-04   6.422387E-04  -9.899588E-07  -1.304091E-07  -1.415736E-07  -4.500339E+02  -1.220596E-01  -1.766711E-01  -7.995821E-02  -1.053305E-02  -1.143479E-02
            231  -4.241062E-02  -2.503329E-01  -2.142675E-03   2.143255E-03  -6.282829E-04  -6.417912E-04  -7.516818E-06   1.235171E-06  -7.769015E-07   4.520072E+02   4.297333E+00   2.115217E+00  -6.071276E-01   9.976385E-02  -6.274974E-02
            232   9.879875E-15  -2.514098E-01   7.059972E-14  -1.071296E-03   3.212884E-04   3.211193E-04   4.949794E-07   6.520457E-08  -7.078681E-08  -2.250170E+02  -6.102978E-02  -8.833553E-02   3.997911E-02   5.266523E-03  -5.717396E-03
            233   1.901986E-14  -2.091772E-01   6.075548E-14  -2.142692E-03   6.479283E-04   6.418172E-04   8.116234E-08  -1.535727E-08  -4.586833E-07  -4.494649E+02   1.327594E+00   3.404048E-01   6.555420E-03  -1.240395E-03  -3.704750E-02
            234  -7.767460E-02  -2.113200E-01  -4.285643E-03  -4.286378E-03   1.290216E-03   1.285739E-03  -3.370641E-07  -3.944957E-07  -3.594799E-07  -8.996392E+02   1.195166E+00   4.719248E-01  -2.722441E-02  -3.186312E-02  -2.903492E-02
            235   4.241062E-02  -2.503329E-01   2.142675E-03   2.143255E-03  -6.282829E-04  -6.417912E-04   7.516818E-06  -1.235171E-06  -7.769015E-07   4.520072E+02   4.297333E+00   2.115217E+00   6.071276E-01  -9.976385E-02  -6.274974E-02
            236   8.481737E-02  -2.535518E-01   2.143044E-03   0.000000E+00   0.000000E+00   0.000000E+00   0.000000E+00   0.000000E+00   0.000000E+00   0.000000E+00   0.000000E+00   0.000000E+00   0.000000E+00   0.000000E+00   0.000000E+00
            237   7.767460E-02  -2.113200E-01   4.285643E-03   4.910261E-08   4.585862E-06   2.718916E-07   1.747394E-07   3.637812E-07   1.090560E-08   6.024165E-01   1.335278E+00   6.384055E-01   1.411357E-02   2.938233E-02   8.808373E-04
            238  -9.911382E-02  -3.455046E-01   2.140109E-03  -2.144840E-03   6.479421E-04   6.423712E-04   6.037037E-07  -2.972090E-07   1.667754E-07  -4.500033E+02   1.138416E+00   2.384982E-01   4.876068E-02  -2.400534E-02   1.347032E-02
            239  -4.954179E-02  -3.444501E-01   9.302056E-14   1.064236E-03  -3.392150E-04  -3.244107E-04   1.501629E-05   1.534030E-06  -1.461982E-06   2.204506E+02  -6.260739E+00  -3.869275E+00   1.212854E+00   1.239024E-01  -1.180831E-01
            240  -1.112700E-14  -3.433653E-01   9.183592E-14  -1.072420E-03   3.239711E-04   3.211856E-04  -3.018519E-07   1.486045E-07   8.338772E-08  -2.250016E+02   5.692078E-01   1.192491E-01  -2.438034E-02   1.200267E-02   6.735162E-03
            241  -4.953884E-02  -3.423099E-01   2.141974E-03  -6.591822E-07  -3.877214E-07   7.969408E-07   5.772485E-07   6.951124E-17   1.718872E-07  -1.367672E-01  -9.291586E-02   9.845265E-02   4.662391E-02   5.614380E-12   1.388320E-02
            242  -2.132133E-14  -2.939965E-01   8.121389E-14   2.145484E-03  -6.469410E-04  -6.443563E-04  -3.710987E-07  -2.071400E-07  -6.150473E-07   4.500661E+02  -1.017901E+00  -6.003698E-01  -2.997336E-02  -1.673053E-02  -4.967690E-02
            243  -9.196600E-02  -2.961358E-01   4.285690E-03   3.162332E-06  -5.546865E-06  -2.718916E-07  -3.275013E-07   4.380978E-07   7.306895E-07   1.890022E-01  -1.217868E+00  -3.657571E-01  -2.645203E-02   3.538482E-02   5.901723E-02
            244  -2.368415E-16  -2.961395E-01   8.102011E-14   2.469846E-06  -8.157255E-06  -3.470540E-06   3.298615E-07   5.233101E-08  -4.793866E-07  -7.105456E-01  -2.427231E+00  -1.670146E+00   2.664266E-02   4.226735E-03  -3.871969E-02
            245  -9.196626E-02  -2.982759E-01   8.264186E-14  -2.139478E-03   6.323416E-04   6.414422E-04   3.026332E-06   1.676749E-06  -9.376615E-07  -4.504901E+02  -2.734646E+00  -1.264558E+00   2.444345E-01   1.354297E-01  -7.573420E-02
            246   4.954179E-02  -3.444501E-01   9.102138E-14   1.064236E-03  -3.392150E-04  -3.244107E-04  -1.501629E-05  -1.534030E-06  -1.461982E-06   2.204506E+02  -6.260739E+00  -3.869275E+00  -1.212854E+00  -1.239024E-01  -1.180831E-01
            247   9.911382E-02  -3.455046E-01  -2.140109E-03   0.000000E+00   0.000000E+00   0.000000E+00   0.000000E+00   0.000000E+00   0.000000E+00   0.000000E+00   0.000000E+00   0.000000E+00   0.000000E+00   0.000000E+00   0.000000E+00
            248   4.953884E-02  -3.423099E-01  -2.141974E-03  -6.591822E-07  -3.877214E-07   7.969408E-07  -5.772485E-07   8.257008E-17   1.718872E-07  -1.367672E-01  -9.291586E-02   9.845265E-02  -4.662391E-02   6.669090E-12   1.388320E-02
            249   9.196600E-02  -2.961358E-01  -4.285690E-03   4.287880E-03  -1.289220E-03  -1.286064E-03   1.069699E-06  -8.523777E-07  -6.882309E-07   9.001450E+02  -7.711474E-01  -2.613557E-01   8.639874E-02  -6.884589E-02  -5.558788E-02
            250   9.196626E-02  -2.982759E-01   7.891532E-14   2.142344E-03  -6.502790E-04  -6.448042E-04  -3.686055E-06  -1.572087E-06   2.440281E-07   4.487198E+02  -2.396205E+00  -1.511821E+00  -2.977198E-01  -1.269763E-01   1.970997E-02
            251  -9.911382E-02  -3.455046E-01  -2.140109E-03  -2.146165E-03   6.463825E-04   6.451533E-04   1.016003E-06   2.972090E-07  -4.270426E-07  -4.502299E+02   8.739927E-01   6.754280E-01   8.206180E-02   2.400534E-02  -3.449190E-02
            252  -4.953884E-02  -3.423099E-01  -2.141974E-03   2.126137E-03  -6.801781E-04  -6.453565E-04   3.245817E-05  -3.068060E-06   1.697606E-06   4.404491E+02  -1.287882E+01  -7.253780E+00   2.621621E+00  -2.478049E-01   1.371144E-01
            253   1.065322E-14  -3.433653E-01   9.213172E-14  -1.073083E-03   3.231912E-04   3.225766E-04  -5.080016E-07  -1.486045E-07  -2.135213E-07  -2.251149E+02   4.369963E-01   3.377140E-01  -4.103090E-02  -1.200267E-02  -1.724595E-02
            254   2.097582E-14  -2.939965E-01   8.132787E-14  -2.145269E-03   6.258844E-04   6.465584E-04  -2.886242E-07   1.024779E-07   7.881463E-07  -4.522896E+02  -4.641796E+00  -1.302150E+00  -2.331196E-02   8.277064E-03   6.365797E-02
            255  -9.196600E-02  -2.961358E-01  -4.285690E-03  -4.283347E-03   1.269130E-03   1.284750E-03   7.111517E-06   8.301514E-07   8.008591E-07  -9.014568E+02  -4.518205E+00  -1.994985E+00   5.743918E-01   6.705069E-02   6.468477E-02
            256   4.953884E-02  -3.423099E-01   2.141974E-03   2.126137E-03  -6.801781E-04  -6.453565E-04  -3.245817E-05   3.068060E-06   1.697606E-06   4.404491E+02  -1.287882E+01  -7.253780E+00  -2.621621E+00   2.478049E-01   1.371144E-01
            257   9.911382E-02  -3.455046E-01   2.140109E-03   0.000000E+00   0.000000E+00   0.000000E+00   0.000000E+00   0.000000E+00   0.000000E+00   0.000000E+00   0.000000E+00   0.000000E+00   0.000000E+00   0.000000E+00   0.000000E+00
            258   9.196600E-02  -2.961358E-01   4.285690E-03  -3.117823E-06  -1.323061E-05  -1.167676E-06  -6.534269E-06  -6.251956E-07   3.316011E-08  -2.625792E+00  -4.259396E+00  -2.310768E+00  -5.277678E-01  -5.049656E-02   2.678317E-03
            259  -1.132899E-01  -4.517060E-01   2.145938E-03  -2.129412E-03   6.257505E-04   6.444168E-04  -1.197597E-05   1.095714E-06  -1.114811E-07  -4.480828E+02  -3.018047E+00  -2.733875E-03  -9.672897E-01   8.849996E-02  -9.004241E-03
            260  -5.675510E-02  -4.506314E-01   1.161250E-13   1.105856E-03  -3.005617E-04  -3.091031E-04  -1.590844E-04  -9.425211E-08   1.412087E-05   2.387538E+02   1.156322E+01   1.018345E+01  -1.284912E+01  -7.612670E-03   1.140532E+00
            261  -1.164928E-14  -4.496388E-01   1.149653E-13  -1.064706E-03   3.128753E-04   3.222084E-04   5.987984E-06  -5.478569E-07  -5.574054E-08  -2.240414E+02  -1.509024E+00  -1.366937E-03   4.836449E-01  -4.424998E-02  -4.502120E-03
            262  -5.676417E-02  -4.484849E-01   2.144021E-03   1.676290E-06   1.360393E-06  -2.668000E-06  -1.848346E-06   1.190003E-16  -1.398244E-06   3.154526E-01   2.644230E-01  -3.863173E-01  -1.492895E-01   9.611441E-12  -1.129351E-01
            263  -2.272948E-14  -3.930761E-01   1.033684E-13   2.127507E-03  -6.297883E-04  -6.369816E-04   8.645199E-07   6.237467E-07   9.003494E-07   4.479559E+02   2.546610E+00   1.384622E+00   6.982661E-02   5.037954E-02   7.272053E-02
            264  -1.062056E-01  -3.952626E-01   4.281934E-03  -2.489764E-05   3.227072E-05   1.167676E-06   1.150761E-05  -1.421036E-06  -2.203926E-06  -2.987181E+00   6.247709E+00   1.223370E+00   9.294606E-01  -1.147760E-01  -1.780094E-01
            265  -2.561450E-16  -3.952166E-01   1.033506E-13  -3.340933E-06   2.154855E-05   1.190704E-05  -8.943465E-07  -1.776027E-07   1.162510E-06   3.108817E+00   7.129425E+00   5.571952E+00  -7.223568E-02  -1.434483E-02   9.389502E-02
            266  -1.062071E-01  -3.974102E-01   1.054397E-13  -2.152152E-03   6.732271E-04   6.469551E-04  -8.159693E-06  -4.376210E-06   2.956109E-06  -4.484518E+02   7.955688E+00   3.711737E+00  -6.590521E-01  -3.534631E-01   2.387627E-01
            267   5.675510E-02  -4.506314E-01   1.136609E-13   1.105856E-03  -3.005617E-04  -3.091031E-04   1.590844E-04   9.425211E-08   1.412087E-05   2.387538E+02   1.156322E+01   1.018345E+01   1.284912E+01   7.612670E-03   1.140532E+00
            268   1.132899E-01  -4.517060E-01  -2.145938E-03   0.000000E+00   0.000000E+00   0.000000E+00   0.000000E+00   0.000000E+00   0.000000E+00   0.000000E+00   0.000000E+00   0.000000E+00   0.000000E+00   0.000000E+00   0.000000E+00
            269   5.676417E-02  -4.484849E-01  -2.144021E-03   1.676290E-06   1.360393E-06  -2.668000E-06   1.848346E-06   1.242688E-17  -1.398244E-06   3.154526E-01   2.644230E-01  -3.863173E-01   1.492895E-01   1.003603E-12  -1.129351E-01
            270   1.062056E-01  -3.952626E-01  -4.281934E-03   4.279811E-03  -1.286601E-03  -1.284665E-03  -1.323665E-05   2.668529E-06   2.986290E-06   8.983507E+02  -8.388134E-01  -5.261169E-01  -1.069114E+00   2.155351E-01   2.412004E-01
            271   1.062071E-01  -3.974102E-01   1.007493E-13   2.152125E-03  -6.251865E-04  -6.359122E-04   9.948385E-06   4.021004E-06   3.579349E-07   4.556024E+02   6.959655E+00   5.227048E+00   8.035234E-01   3.247734E-01   2.891013E-02
            272  -1.132899E-01  -4.517060E-01  -2.145938E-03  -2.125552E-03   6.312029E-04   6.343136E-04  -1.394362E-05  -1.095714E-06   1.180050E-06  -4.475549E+02  -2.233011E+00  -1.730515E+00  -1.126216E+00  -8.849996E-02   9.531175E-02
            273  -5.676417E-02  -4.484849E-01  -2.144021E-03   2.211885E-03  -5.975093E-04  -6.181495E-04  -3.184633E-04   1.885042E-07  -2.772879E-05   4.780011E+02   2.417589E+01   2.084172E+01  -2.572203E+01   1.522534E-02  -2.239633E+00
            274   1.121259E-14  -4.496388E-01   1.150188E-13  -1.062776E-03   3.156014E-04   3.171568E-04   6.971810E-06   5.478569E-07   5.900251E-07  -2.237774E+02  -1.116505E+00  -8.652575E-01   5.631078E-01   4.424998E-02   4.765588E-02
            275   2.237523E-14  -3.930761E-01   1.035037E-13  -2.119813E-03   6.887336E-04   6.278181E-04   9.241730E-07  -2.685413E-07  -2.077255E-06  -4.397495E+02   1.393881E+01   4.098601E+00   7.464474E-02  -2.168987E-02  -1.677783E-01
            276  -1.062056E-01  -3.952626E-01  -4.281934E-03  -4.277172E-03   1.318774E-03   1.287406E-03  -3.233662E-05  -2.676280E-06  -9.118043E-07  -8.933750E+02   1.058548E+01   5.518489E+00  -2.611804E+00  -2.161611E-01  -7.364573E-02
            277   5.676417E-02  -4.484849E-01   2.144021E-03   2.211885E-03  -5.975093E-04  -6.181495E-04   3.184633E-04  -1.885042E-07  -2.772879E-05   4.780011E+02   2.417589E+01   2.084172E+01   2.572203E+01  -1.522534E-02  -2.239633E+00
            278   1.132899E-01  -4.517060E-01   2.145938E-03   0.000000E+00   0.000000E+00   0.000000E+00   0.000000E+00   0.000000E+00   0.000000E+00   0.000000E+00   0.000000E+00   0.000000E+00   0.000000E+00   0.000000E+00   0.000000E+00
            279   1.062056E-01  -3.952626E-01   4.281934E-03   2.433868E-05   4.356027E-05   3.306497E-06   3.048828E-05   2.139197E-06  -2.463221E-07   1.255845E+01   1.566347E+01   9.160940E+00   2.462515E+00   1.727813E-01  -1.989524E-02
            280  -1.281600E-01  -5.723477E-01   2.049029E-03  -2.247977E-03   6.865237E-04   6.536504E-04  -2.687270E-05  -7.958225E-07   4.077789E-06  -4.731186E+02   9.161358E-01  -4.394161E+00  -2.170487E+00  -6.427797E-02   3.293599E-01
            281  -6.347235E-02  -5.713758E-01   1.398484E-13   7.084850E-04  -1.399665E-04  -3.119594E-04   3.919744E-04  -6.085269E-05  -1.932640E-06   1.455307E+02   8.473146E+00  -1.931033E+01   3.165947E+01  -4.915025E+00  -1.560979E-01
            282  -1.193389E-14  -5.703440E-01   1.385692E-13  -1.123989E-03   3.432619E-04   3.268252E-04   1.343635E-05   3.979112E-07   2.038895E-06  -2.365593E+02   4.580679E-01  -2.197080E+00   1.085244E+00   3.213898E-02   1.646800E-01
            283  -6.346620E-02  -5.693121E-01   2.043683E-03   1.503503E-06  -2.253628E-06  -2.724706E-06  -1.553812E-06   4.255140E-18   1.911184E-06  -1.781155E-01  -7.850368E-01  -8.611341E-01  -1.255002E-01   3.437047E-13   1.543649E-01
            284  -2.352882E-14  -5.066059E-01   1.266198E-13   2.232386E-03  -6.711701E-04  -6.684641E-04   1.020348E-06  -3.329745E-06  -1.481383E-05   4.687766E+02  -2.594277E-01   1.776891E-01   8.241275E-02  -2.689409E-01  -1.196502E+00
            285  -1.207305E-01  -5.085244E-01   4.302452E-03   1.420502E-04  -8.709349E-05  -3.306497E-06   2.704633E-05  -3.560352E-06   3.114251E-06   2.920420E+01  -7.811324E+00   5.723499E+00   2.184512E+00  -2.875669E-01   2.515356E-01
            286  -2.572109E-16  -5.087266E-01   1.266814E-13   8.123716E-06  -3.263556E-05  -2.847710E-05  -8.986271E-07   1.251076E-06  -2.183685E-05  -5.107522E+00  -1.169171E+01  -1.101996E+01  -7.258142E-02   1.010485E-01  -1.763746E+00
            287  -1.207219E-01  -5.106541E-01   1.289773E-13  -2.079262E-03   5.521079E-04   6.209283E-04   1.803308E-04   4.409038E-06  -2.765903E-05  -4.456735E+02  -2.060609E+01  -9.488954E+00   1.456518E+01   3.561146E-01  -2.233998E+00
            288   6.347235E-02  -5.713758E-01   1.372406E-13   7.084850E-04  -1.399665E-04  -3.119594E-04  -3.919744E-04   6.085269E-05  -1.932640E-06   1.455307E+02   8.473146E+00  -1.931033E+01  -3.165947E+01   4.915025E+00  -1.560979E-01
            289   1.281600E-01  -5.723477E-01  -2.049029E-03   0.000000E+00   0.000000E+00   0.000000E+00   0.000000E+00   0.000000E+00   0.000000E+00   0.000000E+00   0.000000E+00   0.000000E+00   0.000000E+00   0.000000E+00   0.000000E+00
            290   6.346620E-02  -5.693121E-01  -2.043683E-03   1.503503E-06  -2.253628E-06  -2.724706E-06   1.553812E-06   2.447502E-16   1.911184E-06  -1.781155E-01  -7.850368E-01  -8.611341E-01   1.255002E-01   1.976827E-11   1.543649E-01
            291   1.207305E-01  -5.085244E-01  -4.302452E-03   4.358821E-03  -1.288558E-03  -1.298545E-03  -2.908703E-05  -3.099139E-06  -1.173163E-05   9.187677E+02   6.498789E+00   4.885517E+00  -2.349337E+00  -2.503150E-01  -9.475543E-01
            292   1.207219E-01  -5.106541E-01   1.239183E-13   2.094298E-03  -6.204572E-04  -6.685182E-04  -1.785335E-04  -1.906885E-06   1.115260E-05   4.358776E+02  -2.659780E+00  -1.042347E+01  -1.442001E+01  -1.540177E-01   9.007868E-01
            293  -1.281600E-01  -5.723477E-01  -2.049029E-03  -2.234845E-03   6.724721E-04   6.657394E-04  -2.793963E-05   7.958225E-07  -1.504473E-05  -4.696439E+02  -4.407029E-04  -1.088036E+00  -2.256662E+00   6.427797E-02  -1.215151E+00
            294  -6.346620E-02  -5.693121E-01  -2.043683E-03   1.367662E-03  -2.595701E-04  -6.361697E-04   7.355018E-04   1.217054E-04   3.519550E-05   2.781053E+02   1.524468E+01  -4.559065E+01   5.940592E+01   9.830051E+00   2.842713E+00
            295   1.162386E-14  -5.703440E-01   1.388077E-13  -1.117422E-03   3.362361E-04   3.328697E-04   1.396981E-05  -3.979112E-07  -7.522366E-06  -2.348220E+02  -2.203514E-04  -5.440181E-01   1.128331E+00  -3.213898E-02  -6.075757E-01
            296   2.335169E-14  -5.066059E-01   1.266845E-13  -2.191085E-03   5.747177E-04   6.450521E-04   7.769060E-07   8.275923E-07   9.386379E-06  -4.716231E+02  -2.483959E+01  -1.347787E+01   6.275010E-02   6.684399E-02   7.581306E-01
            297  -1.207305E-01  -5.085244E-01  -4.302452E-03  -4.281720E-03   1.173575E-03   1.239714E-03   3.055849E-04   8.588759E-06   4.838144E-05  -9.180300E+02  -3.679010E+01  -2.610618E+01   2.468185E+01   6.937075E-01   3.907731E+00
            298   6.346620E-02  -5.693121E-01   2.043683E-03   1.367662E-03  -2.595701E-04  -6.361697E-04  -7.355018E-04  -1.217054E-04   3.519550E-05   2.781053E+02   1.524468E+01  -4.559065E+01  -5.940592E+01  -9.830051E+00   2.842713E+00
            299   1.281600E-01  -5.723477E-01   2.049029E-03   0.000000E+00   0.000000E+00   0.000000E+00   0.000000E+00   0.000000E+00   0.000000E+00   0.000000E+00   0.000000E+00   0.000000E+00   0.000000E+00   0.000000E+00   0.000000E+00
            300   1.207305E-01  -5.085244E-01   4.302452E-03  -1.341264E-04   1.532798E-05  -3.414649E-06  -3.071387E-04  -6.933574E-06   3.715576E-06  -3.647317E+01  -1.233053E+01  -1.535818E+01  -2.480735E+01  -5.600195E-01   3.001042E-01
            301  -1.384285E-01  -7.038076E-01   2.173460E-03  -3.490356E-03   1.216656E-03   1.169940E-03  -8.951255E-04  -2.043635E-05  -1.065721E-04  -6.975517E+02   6.281187E+01   5.526545E+01  -7.229860E+01  -1.650629E+00  -8.607744E+00
            302  -7.262201E-02  -7.049235E-01   1.638061E-13  -5.081115E-05   2.261654E-05  -9.526163E-06  -4.689310E-05   8.314007E-17   2.941903E-05  -1.277797E+01  -9.165765E-01  -6.108859E+00  -3.787520E+00   6.715283E-12   2.376153E+00
            303  -1.246152E-14  -7.055448E-01   1.624170E-13  -1.745178E-03   6.083279E-04   5.849700E-04   4.475628E-04   1.021818E-05  -5.328603E-05  -3.487758E+02   3.140594E+01   2.763272E+01   3.614930E+01   8.253143E-01  -4.303872E+00
            304  -7.295420E-02  -7.029439E-01   2.716430E-03   1.016223E-04  -4.523307E-05   1.905233E-05   9.378620E-05   3.111434E-16   5.883807E-05   2.555594E+01   1.833153E+00   1.221772E+01   7.575039E+00   2.513178E-11   4.752305E+00
            305  -2.410399E-14  -6.331553E-01   1.507111E-13   1.759431E-03  -6.293165E-04  -5.675935E-04  -2.353461E-05   1.828609E-05   1.960139E-05   3.523673E+02  -3.350726E+01  -2.353663E+01  -1.900873E+00   1.476954E+00   1.583189E+00
            306  -1.337784E-01  -6.372240E-01   3.951711E-03  -8.222786E-04   7.160866E-04   3.414649E-06   4.537045E-04   3.978812E-05   5.420297E-05  -1.452815E+02   1.032237E+02  -1.190027E+01   3.664536E+01   3.213656E+00   4.377932E+00
            307  -3.001589E-16  -6.353802E-01   1.504385E-13   9.375367E-05  -1.039682E-04   2.868714E-05   2.349058E-05  -1.652602E-05  -3.219573E-05   1.738285E+01  -1.455683E+01   6.872106E+00   1.897316E+00  -1.334794E+00  -2.600424E+00
            308  -1.335489E-01  -6.390588E-01   1.531328E-13  -2.207712E-03   5.687985E-04   6.805456E-04  -2.254669E-04   4.768047E-05  -2.483514E-06  -4.727404E+02  -2.422717E+01  -6.175703E+00  -1.821079E+01   3.851115E+00  -2.005915E-01
            309   7.262201E-02  -7.049235E-01   1.613181E-13  -5.081115E-05   2.261654E-05  -9.526163E-06   4.689310E-05   4.357794E-18   2.941903E-05  -1.277797E+01  -9.165765E-01  -6.108859E+00   3.787520E+00   3.492952E-13   2.376153E+00
            310   1.384285E-01  -7.038076E-01  -2.173460E-03   0.000000E+00   0.000000E+00   0.000000E+00   0.000000E+00   0.000000E+00   0.000000E+00   0.000000E+00   0.000000E+00   0.000000E+00   0.000000E+00   0.000000E+00   0.000000E+00
            311   7.295420E-02  -7.029439E-01  -2.716430E-03   1.016223E-04  -4.523307E-05   1.905233E-05  -9.378620E-05   2.166204E-16   5.883807E-05   2.555594E+01   1.833153E+00   1.221772E+01  -7.575039E+00   1.749141E-11   4.752305E+00
            312   1.337784E-01  -6.372240E-01  -3.951711E-03   4.177973E-03  -1.851998E-03  -1.192407E-03  -4.066353E-04  -3.215930E-06   4.401842E-05   8.122394E+02  -1.618329E+02  -5.528349E+01  -3.284362E+01  -2.597482E-01   3.555334E+00
            313   1.335489E-01  -6.390588E-01   1.480655E-13   2.565189E-03  -9.776105E-04  -6.214955E-04   1.784858E-04  -8.073252E-05  -3.658511E-05   5.314214E+02  -4.087698E+01   1.664928E+01   1.441616E+01  -6.520703E+00  -2.954951E+00
            314  -1.384285E-01  -7.038076E-01  -2.173460E-03  -3.384199E-03   1.177889E-03   1.154239E-03  -8.016916E-04   2.043635E-05   3.085212E-05  -6.741408E+02   6.281187E+01   5.899158E+01  -6.475201E+01   1.650629E+00   2.491902E+00
            315  -7.295420E-02  -7.029439E-01  -2.716430E-03   0.000000E+00   0.000000E+00   0.000000E+00   0.000000E+00   0.000000E+00   0.000000E+00   0.000000E+00   0.000000E+00   0.000000E+00   0.000000E+00   0.000000E+00   0.000000E+00
            316   1.181259E-14  -7.055448E-01   1.629095E-13  -1.692100E-03   5.889444E-04   5.771196E-04   4.008458E-04  -1.021818E-05   1.542606E-05  -3.370704E+02   3.140594E+01   2.949579E+01   3.237601E+01  -8.253143E-01   1.245951E+00
            317   2.365617E-14  -6.331553E-01   1.507954E-13  -1.295796E-03   1.817373E-04   6.109429E-04  -2.344655E-05   1.476595E-05  -5.625272E-05  -2.702754E+02  -3.159689E+01   3.773633E+01  -1.893760E+00   1.192635E+00  -4.543489E+00
            318  -1.337784E-01  -6.372240E-01  -3.951711E-03  -3.557604E-03   5.351528E-04   1.376729E-03  -6.722588E-04  -1.012975E-04  -1.080740E-04  -7.740753E+02  -1.129378E+02   2.300914E+01  -5.429783E+01  -8.181722E+00  -8.729055E+00
            319   7.295420E-02  -7.029439E-01   2.716430E-03   0.000000E+00   0.000000E+00   0.000000E+00   0.000000E+00   0.000000E+00   0.000000E+00   0.000000E+00   0.000000E+00   0.000000E+00   0.000000E+00   0.000000E+00   0.000000E+00
            320   1.384285E-01  -7.038076E-01   2.173460E-03   0.000000E+00   0.000000E+00   0.000000E+00   0.000000E+00   0.000000E+00   0.000000E+00   0.000000E+00   0.000000E+00   0.000000E+00   0.000000E+00   0.000000E+00   0.000000E+00
            321   1.337784E-01  -6.372240E-01   3.951711E-03   7.892387E-04   1.073519E-04  -1.043894E-04   7.191519E-04   1.308294E-04  -1.280438E-05   2.234706E+02   1.133197E+02   7.911531E+01   5.808535E+01   1.056699E+01  -1.034200E+00

