TITLE = "Example : Job-C3D8-cantilever-beam-rho7800-dyna"
VARIABLES="NODE_ID"       "U1"           "U2"           "U3"          "E11"          "E22"          "E33"          "E12"          "E13"          "E23"          "S11"          "S22"          "S33"          "S12"          "S13"          "S23"
              1   0.000000E+00   0.000000E+00   0.000000E+00  -2.217436E-03   4.615722E-20  -1.131426E-21  -5.980026E-04  -1.630881E-21   3.565647E-04  -6.268522E+02  -2.686509E+02  -2.686509E+02  -4.830021E+01  -1.119187E-16   2.879946E+01
              2   0.000000E+00   0.000000E+00   0.000000E+00   3.825332E-04  -4.130450E-20  -6.466461E-20  -4.116064E-04  -3.350543E-21  -1.151837E-04   1.081392E+02   4.634537E+01   4.634537E+01  -3.324513E+01  -4.179792E-16  -9.303296E+00
              3   0.000000E+00   0.000000E+00   0.000000E+00   3.023325E-03   1.931312E-20   1.648650E-19  -7.355409E-04  -2.275298E-20  -5.423905E-04   8.546708E+02   3.662875E+02   3.662875E+02  -5.940907E+01  -2.016979E-15  -4.380847E+01
              4   0.000000E+00   0.000000E+00   0.000000E+00  -2.396944E-03  -2.705816E-20  -4.394160E-20  -8.492902E-04  -3.031492E-20  -4.573410E-05  -6.775975E+02  -2.903989E+02  -2.903989E+02  -6.859652E+01  -3.031408E-15  -3.693908E+00
              5   0.000000E+00   0.000000E+00   0.000000E+00   9.717381E-05   5.139058E-20   3.220439E-20  -6.145503E-04   7.292507E-21  -6.828336E-05   2.747029E+01   1.177298E+01   1.177298E+01  -4.963675E+01   9.575878E-16  -5.515194E+00
              6   0.000000E+00   0.000000E+00   0.000000E+00   2.606115E-03  -1.139018E-19  -3.206769E-20  -8.867628E-04  -7.895553E-21  -4.573399E-05   7.367286E+02   3.157408E+02   3.157408E+02  -7.162315E+01   6.244479E-16  -3.693900E+00
              7   0.000000E+00   0.000000E+00   0.000000E+00  -2.799743E-03   4.222095E-20   7.198628E-20  -6.978866E-04   2.502803E-21  -5.047363E-04  -7.914659E+02  -3.391997E+02  -3.391997E+02  -5.636777E+01   1.016534E-15  -4.076716E+01
              8   0.000000E+00   0.000000E+00   0.000000E+00  -1.733621E-04  -3.645328E-20  -8.926436E-20  -4.116065E-04   2.469129E-20  -7.771112E-05  -4.900814E+01  -2.100349E+01  -2.100349E+01  -3.324514E+01   1.507499E-15  -6.276668E+00
              9   0.000000E+00   0.000000E+00   0.000000E+00   2.441018E-03   6.514753E-21  -3.647110E-20  -6.356570E-04  -3.615775E-20   3.942191E-04   6.900571E+02   2.957388E+02   2.957388E+02  -5.134153E+01  -6.232066E-15   3.184077E+01
             10  -1.108718E-02  -5.980026E-03   3.565647E-03  -2.296483E-03   3.727925E-04   8.045977E-04   2.220400E-05  -2.204608E-04   1.573297E-04  -5.065528E+02  -7.536209E+01  -5.608946E+00   1.793400E+00  -1.780645E+01   1.270740E+01
             11   1.912666E-03  -4.116064E-03  -1.151837E-03   4.133731E-04  -1.375382E-04  -9.380061E-05   9.692932E-05  -2.465338E-04  -2.469923E-05   8.882982E+01  -1.635556E-01   6.901752E+00   7.828907E+00  -1.991234E+01  -1.994938E+00
             12   1.511663E-02  -7.355409E-03  -5.423905E-03   3.123638E-03  -6.478689E-04  -9.933131E-04  -2.465520E-05  -2.759849E-04  -1.682822E-04   6.841929E+02   7.494947E+01   1.914695E+01  -1.991381E+00  -2.229109E+01  -1.359202E+01
             13  -1.198472E-02  -8.492902E-03  -4.573410E-04  -2.597495E-03   4.694800E-04   8.613010E-04  -1.679435E-04   2.739275E-05   1.076969E-05  -5.730626E+02  -7.762817E+01  -1.433400E+01  -1.356467E+01   2.212491E+00   8.698595E-01
             14   4.858691E-04  -6.145503E-03  -6.828336E-04   1.121041E-04  -3.747254E-05  -3.747254E-05  -7.129049E-05   1.102546E-10  -7.921170E-06   2.261108E+01  -1.551298E+00  -1.551298E+00  -5.758078E+00   8.905178E-06  -6.397868E-01
             15   1.303057E-02  -8.867628E-03  -4.573399E-04   2.822068E-03  -5.444251E-04  -9.366096E-04  -1.788134E-04  -2.739256E-05   1.077012E-05   6.183437E+02   7.452570E+01   1.117281E+01  -1.444262E+01  -2.212476E+00   8.698941E-01
             16  -1.399872E-02  -6.978866E-03  -5.047363E-03  -2.898717E-03   5.725603E-04   9.180044E-04  -1.397531E-05   2.756216E-04  -1.576023E-04  -6.388575E+02  -7.811261E+01  -2.231010E+01  -1.128775E+00   2.226174E+01  -1.272942E+01
             17  -8.668107E-04  -4.116065E-03  -7.771112E-04  -1.888004E-04   6.222963E-05   1.885553E-05   9.692889E-05   2.465340E-04  -1.382931E-05  -4.354865E+01  -2.997643E+00  -1.000423E+01   7.828872E+00   1.991236E+01  -1.116982E+00
             18   1.220509E-02  -6.356570E-03   3.942191E-03   2.521401E-03  -4.481010E-04  -8.799062E-04   1.152374E-05   2.208245E-04   1.680100E-04   5.518875E+02   7.219870E+01   2.445559E+00   9.307634E-01   1.783582E+01   1.357004E+01
             19  -2.296483E-02  -2.555562E-02   1.351521E-03  -2.385152E-03   2.580789E-04   8.095323E-04   1.833628E-05  -1.954670E-04  -1.772686E-06  -5.449189E+02  -1.179355E+02  -2.885454E+01   1.481007E+00  -1.578772E+01  -1.431785E-01
             20   4.133731E-03  -2.426522E-02  -3.347579E-03   4.389430E-04  -1.345408E-04  -8.193572E-05  -2.468395E-06  -2.268753E-04   1.736863E-06   9.785886E+01   5.219169E+00   1.371691E+01  -1.993704E-01  -1.832454E+01   1.402851E-01
             21   3.123638E-02  -2.690102E-02  -7.537748E-03   3.242412E-03  -5.271604E-04  -9.683232E-04   2.064102E-05  -2.425513E-04   7.390171E-06   7.354212E+02   1.264904E+02   5.522561E+01   1.667159E+00  -1.959068E+01   5.968984E-01
             22  -2.597495E-02  -2.830005E-02  -2.696140E-03  -2.754617E-03   3.717886E-04   8.531562E-04   9.281071E-06   2.520905E-05  -2.753520E-07  -6.303024E+02  -1.252675E+02  -4.750817E+01   7.496250E-01   2.036115E+00  -2.223997E-02
             23   1.121041E-03  -2.644110E-02  -2.937900E-03   1.233928E-04  -3.656333E-05  -3.656333E-05  -1.203994E-05   8.646867E-10  -1.337761E-06   2.602261E+01   1.835496E-01   1.835496E-01  -9.724566E-01   6.984008E-05  -1.080500E-01
             24   2.822068E-02  -2.866568E-02  -2.696132E-03   2.993791E-03  -4.449153E-04  -9.246983E-04   1.055129E-05  -2.520779E-05  -2.733946E-07   6.803878E+02   1.249044E+02   4.740104E+01   8.522193E-01  -2.036014E+00  -2.208187E-02
             25  -2.898717E-02  -2.654332E-02  -7.180041E-03  -3.010429E-03   4.556173E-04   8.967801E-04   1.935310E-05   2.441366E-04   6.102247E-06  -6.871768E+02  -1.272771E+02  -5.601238E+01   1.563135E+00   1.971873E+01   4.928738E-01
             26  -1.888004E-03  -2.426523E-02  -2.981946E-03  -1.997690E-04   6.299862E-05   8.809061E-06  -2.470352E-06   2.268766E-04   4.666469E-07  -4.777338E+01  -5.326306E+00  -1.408000E+01  -1.995285E-01   1.832465E+01   3.769071E-02
             27   2.521401E-02  -2.591333E-02   1.709235E-03   2.617120E-03  -3.296201E-04  -8.810734E-04   1.962186E-05   1.938833E-04  -3.058266E-06   5.931595E+02   1.171477E+02   2.806673E+01   1.584842E+00   1.565980E+01  -2.470138E-01
             28  -3.493870E-02  -5.981043E-02  -2.490041E-03  -2.397356E-03   2.887570E-04   7.990302E-04  -4.368057E-06  -1.963606E-04  -1.169129E-06  -5.459244E+02  -1.120139E+02  -2.958516E+01  -3.528046E-01  -1.585989E+01  -9.442967E-02
             29   6.302096E-03  -5.836664E-02  -7.142480E-03   4.337059E-04  -1.337455E-04  -8.223112E-05   1.853970E-06  -2.193449E-04   1.706423E-08   9.643892E+01   4.773692E+00   1.309525E+01   1.497437E-01  -1.771632E+01   1.378265E-03
             30   4.754074E-02  -6.114788E-02  -1.130751E-02   3.264358E-03  -5.562481E-04  -9.644664E-04  -4.169458E-06  -2.457037E-04   2.605431E-07   7.385684E+02   1.213936E+02   5.545067E+01  -3.367639E-01  -1.984530E+01   2.104386E-02
             31  -3.953089E-02  -6.249926E-02  -6.485192E-03  -2.711884E-03   3.834669E-04   8.459730E-04  -9.851234E-07   2.437267E-05   2.062154E-07  -6.176774E+02  -1.176592E+02  -4.294665E+01  -7.956766E-02   1.968561E+00   1.665586E-02
             32   1.719797E-03  -6.058193E-02  -6.731325E-03   1.193220E-04  -3.566112E-05  -3.566112E-05   1.441488E-06   1.691736E-09   1.600751E-07   2.509045E+01   5.471489E-02   5.471489E-02   1.164279E-01   1.366402E-04   1.292914E-02
             33   4.296849E-02  -6.285587E-02  -6.485175E-03   2.950178E-03  -4.547892E-04  -9.175204E-04  -7.576263E-07  -2.437088E-05   2.057661E-07   6.677319E+02   1.176988E+02   4.294995E+01  -6.119289E-02  -1.968417E+00   1.661957E-02
             34  -4.410300E-02  -6.079015E-02  -1.094977E-02  -3.026423E-03   4.846975E-04   8.929159E-04  -4.210702E-06   2.454787E-04   2.192989E-07  -6.886433E+02  -1.214623E+02  -5.551936E+01  -3.400952E-01   1.982713E+01   1.771260E-02
             35  -2.864501E-03  -5.836666E-02  -6.785869E-03  -1.954125E-04   6.219814E-05   1.090888E-05   1.854419E-06   2.193467E-04  -2.104328E-07  -4.638442E+01  -4.770390E+00  -1.305558E+01   1.497800E-01   1.771646E+01  -1.699650E-02
             36   3.837629E-02  -6.016816E-02  -2.132303E-03   2.635269E-03  -3.603012E-04  -8.705744E-04  -4.328835E-06   1.965859E-04  -1.208351E-06   5.958450E+02   1.119452E+02   2.951646E+01  -3.496367E-01   1.587809E+01  -9.759760E-02
             37  -4.693839E-02  -1.081246E-01  -7.856242E-03  -2.398971E-03   2.833975E-04   8.000148E-04   6.540169E-07  -1.959043E-04   9.365147E-08  -5.469110E+02  -1.136054E+02  -3.015179E+01   5.282444E-02  -1.582304E+01   7.564157E-03
             38   8.470790E-03  -1.067076E-01  -1.251184E-02   4.337227E-04  -1.337131E-04  -8.210817E-05  -4.884919E-07  -2.206336E-04   2.007400E-08   9.646250E+01   4.799804E+00   1.313598E+01  -3.945511E-02  -1.782041E+01   1.621361E-03
             39   6.387996E-02  -1.094617E-01  -1.667705E-02   3.266647E-03  -5.508236E-04  -9.641159E-04   6.666044E-07  -2.448700E-04   6.617471E-08   7.399153E+02   1.232469E+02   5.648431E+01   5.384113E-02  -1.977796E+01   5.344881E-03
             40  -5.309379E-02  -1.108211E-01  -1.185632E-02  -2.712836E-03   3.818947E-04   8.463633E-04   2.453878E-07   2.449993E-05  -2.009196E-08  -6.180898E+02  -1.181717E+02  -4.314215E+01   1.981978E-02   1.978841E+00  -1.622812E-03
             41   2.314261E-03  -1.089117E-01  -1.210130E-02   1.189723E-04  -3.570875E-05  -3.570875E-05  -6.501147E-08  -1.504504E-08  -5.632418E-09   2.498004E+01  -6.893776E-03  -6.893776E-03  -5.250926E-03  -1.215177E-03  -4.549260E-04
             42   5.772245E-02  -1.111782E-01  -1.185647E-02   2.950965E-03  -4.533122E-04  -9.177724E-04   2.329970E-07  -2.452758E-05  -8.323141E-08   6.681030E+02   1.181813E+02   4.315308E+01   1.881899E-02  -1.981074E+00  -6.722537E-03
             43  -5.925140E-02  -1.091045E-01  -1.631987E-02  -3.028662E-03   4.794194E-04   8.927117E-04   6.805703E-07   2.448532E-04   8.014062E-08  -6.899406E+02  -1.232504E+02  -5.648784E+01   5.496914E-02   1.977661E+01   6.472896E-03
             44  -3.842130E-03  -1.067074E-01  -1.215475E-02  -1.955937E-04   6.230394E-05   1.069068E-05  -4.253524E-07   2.206060E-04   3.246476E-08  -4.644927E+01  -4.788874E+00  -1.312640E+01  -3.435539E-02   1.781817E+01   2.622154E-03
             45   5.156670E-02  -1.084815E-01  -7.499322E-03   2.637287E-03  -3.548115E-04  -8.714288E-04   6.892725E-07   1.958708E-04   5.839591E-08   5.969771E+02   1.136381E+02   3.018450E+01   5.567201E-02   1.582033E+01   4.716592E-03
             46  -5.892841E-02  -1.706157E-01  -1.479897E-02  -2.397688E-03   2.841897E-04   7.999273E-04  -2.068268E-07  -1.961414E-04   8.749554E-08  -5.464630E+02  -1.132366E+02  -2.992514E+01  -1.670524E-02  -1.584219E+01   7.066948E-03
             47   1.063932E-02  -1.691948E-01  -1.945514E-02   4.337440E-04  -1.337176E-04  -8.215597E-05  -1.044623E-07  -2.206398E-04  -3.771226E-09   9.646217E+01   4.795296E+00   1.312449E+01  -8.437342E-03  -1.782091E+01  -3.045990E-04
             48   8.020721E-02  -1.719529E-01  -2.362119E-02   3.265127E-03  -5.516250E-04  -9.642202E-04  -2.344730E-07  -2.451344E-04  -1.548356E-07   7.393759E+02   1.228236E+02   5.617360E+01  -1.893821E-02  -1.979932E+01  -1.250596E-02
             49  -6.665925E-02  -1.733105E-01  -1.879861E-02  -2.712985E-03   3.821977E-04   8.464422E-04  -3.477910E-08   2.439394E-05   2.054687E-07  -6.180854E+02  -1.180944E+02  -4.310109E+01  -2.809081E-03   1.970280E+00   1.659555E-02
             50   2.909519E-03  -1.713995E-01  -1.904436E-02   1.189924E-04  -3.571357E-05  -3.571357E-05   1.563045E-09  -1.483668E-07  -9.398311E-09   2.498458E+01  -6.396239E-03  -6.396239E-03   1.262459E-04  -1.198348E-02  -7.590944E-04
             51   7.247814E-02  -1.736676E-01  -1.880009E-02   2.951198E-03  -4.536248E-04  -9.178562E-04  -4.749145E-08  -2.461521E-05  -1.652844E-07   6.681209E+02   1.181110E+02   4.311977E+01  -3.835848E-03  -1.988152E+00  -1.334989E-02
             52  -7.438962E-02  -1.715951E-01  -2.326339E-02  -3.028425E-03   4.803619E-04   8.929571E-04   7.060747E-09   2.450018E-04   8.669815E-08  -6.897296E+02  -1.229255E+02  -5.627555E+01   5.702911E-04   1.978860E+01   7.002543E-03
             53  -4.820438E-03  -1.691933E-01  -1.909800E-02  -1.955301E-04   6.230364E-05   1.072883E-05   2.662907E-07   2.204186E-04   8.941118E-09  -4.642669E+01  -4.776623E+00  -1.310794E+01   2.150810E-02   1.780304E+01   7.221672E-04
             54   6.474917E-02  -1.709720E-01  -1.444263E-02   2.637045E-03  -3.557546E-04  -8.714922E-04  -3.116314E-08   1.959824E-04  -8.816810E-08   5.967867E+02   1.133345E+02   3.002300E+01  -2.517023E-03   1.582935E+01  -7.121270E-03
             55  -7.091527E-02  -2.472642E-01  -2.331618E-02  -2.396779E-03   2.837755E-04   7.994480E-04  -5.483551E-08  -1.960147E-04   4.556918E-07  -5.463144E+02  -1.133017E+02  -3.000072E+01  -4.429022E-03  -1.583196E+01   3.680588E-02
             56   1.280823E-02  -2.458453E-01  -2.797152E-02   4.334398E-04  -1.337999E-04  -8.205499E-05  -2.037476E-07  -2.207340E-04  -1.973306E-07   9.637844E+01   4.747420E+00   1.310621E+01  -1.645654E-02  -1.782851E+01  -1.593824E-02
             57   9.653123E-02  -2.486022E-01  -3.213829E-02   3.264458E-03  -5.513752E-04  -9.640945E-04  -1.304344E-07  -2.452543E-04  -1.455641E-07   7.392322E+02   1.228284E+02   5.615834E+01  -1.053509E-02  -1.980900E+01  -1.175710E-02
             58  -8.022364E-02  -2.499594E-01  -2.731342E-02  -2.713376E-03   3.820707E-04   8.462699E-04  -1.882071E-08   2.414695E-05   2.198981E-07  -6.182323E+02  -1.181986E+02  -4.321260E+01  -1.520134E-03   1.950330E+00   1.776100E-02
             59   3.504186E-03  -2.480490E-01  -2.756125E-02   1.197745E-04  -3.570350E-05  -3.570350E-05  -6.048570E-08  -4.397956E-07  -5.692313E-08   2.520808E+01   9.241428E-02   9.241428E-02  -4.885383E-03  -3.552195E-02  -4.597638E-03
             60   8.723444E-02  -2.503164E-01  -2.731782E-02   2.950908E-03  -4.534777E-04  -9.179261E-04  -1.910127E-07  -2.469979E-05  -1.947381E-07   6.680481E+02   1.181089E+02   4.308260E+01  -1.542795E-02  -1.994983E+00  -1.572885E-02
             61  -8.953565E-02  -2.482428E-01  -3.177888E-02  -3.029710E-03   4.803726E-04   8.930919E-04   1.421855E-07   2.447791E-04   1.270558E-07  -6.900752E+02  -1.230619E+02  -5.639181E+01   1.148421E-02   1.977062E+01   1.026220E-02
             62  -5.797431E-03  -2.458409E-01  -2.761449E-02  -1.959081E-04   6.214372E-05   1.064799E-05   2.108887E-07   2.201811E-04  -2.513861E-08  -4.656271E+01  -4.877420E+00  -1.319596E+01   1.703332E-02   1.778386E+01  -2.030426E-03
             63   7.793716E-02  -2.476213E-01  -2.295903E-02   2.638162E-03  -3.560851E-04  -8.717577E-04   4.778988E-07   1.960378E-04  -7.704247E-08   5.970301E+02   1.133441E+02   3.004316E+01   3.859952E-02   1.583382E+01  -6.222661E-03
             64  -8.289620E-02  -3.380638E-01  -3.340659E-02  -2.409892E-03   2.836942E-04   8.016004E-04   1.880011E-06  -1.957900E-04  -2.245084E-06  -5.497704E+02  -1.146526E+02  -3.099079E+01   1.518470E-01  -1.581381E+01  -1.813337E-01
             65   1.497372E-02  -3.366453E-01  -3.806717E-02   4.384611E-04  -1.337687E-04  -8.320329E-05   3.222979E-06  -2.192124E-04   8.683458E-07   9.766259E+01   5.225475E+00   1.339373E+01   2.603176E-01  -1.770561E+01   7.013562E-02
             66   1.128518E-01  -3.394015E-01  -4.221769E-02   3.267359E-03  -5.512316E-04  -9.639260E-04   6.249338E-07  -2.420086E-04   6.280159E-07   7.400900E+02   1.232408E+02   5.657477E+01   5.047542E-02  -1.954685E+01   5.072436E-02
             67  -9.379301E-02  -3.407665E-01  -3.741460E-02  -2.716348E-03   3.815453E-04   8.478294E-04  -6.905475E-08   2.658831E-05  -5.642064E-06  -6.189472E+02  -1.185183E+02  -4.319546E+01  -5.577499E-03   2.147517E+00  -4.557051E-01
             68   4.107264E-03  -3.388588E-01  -3.765116E-02   1.179105E-04  -3.654365E-05  -3.654365E-05   1.074154E-06   1.653851E-06   1.073524E-06   2.447759E+01  -4.726978E-01  -4.726978E-01   8.675857E-02   1.335803E-01   8.670771E-02
             69   1.019872E-01  -3.411319E-01  -3.739806E-02   2.955920E-03  -4.546326E-04  -9.178958E-04   8.675332E-07  -2.318123E-05   3.221311E-06   6.693288E+02   1.183934E+02   4.355855E+01   7.006999E-02  -1.872330E+00   2.601828E-01
             70  -1.046867E-01  -3.390687E-01  -4.188489E-02  -3.011341E-03   4.813640E-04   8.940584E-04  -1.340237E-06   2.485360E-04  -1.337155E-06  -6.846452E+02  -1.204390E+02  -5.377300E+01  -1.082499E-01   2.007406E+01  -1.080010E-01
             71  -6.779519E-03  -3.366619E-01  -3.770174E-02  -1.988887E-04   6.370231E-05   1.011600E-05  -5.640396E-06   2.226194E-04  -6.824218E-08  -4.728094E+01  -4.862389E+00  -1.351864E+01  -4.555704E-01   1.798080E+01  -5.511869E-03
             72   9.113078E-02  -3.384317E-01  -3.303873E-02   2.625025E-03  -3.539593E-04  -8.718655E-04  -2.249118E-06   1.962756E-04   1.884044E-06   5.935610E+02   1.123404E+02   2.867866E+01  -1.816595E-01   1.585303E+01   1.521728E-01
             73  -9.501419E-02  -4.429664E-01  -4.515471E-02  -2.497570E-03   2.875168E-04   8.124149E-04  -3.365700E-06  -1.737474E-04  -2.299135E-05  -5.727829E+02  -1.228842E+02  -3.809301E+01  -2.718450E-01  -1.403345E+01  -1.856993E+00
             74   1.719284E-02  -4.415288E-01  -4.968707E-02   4.068453E-04  -1.379406E-04  -7.881061E-05   4.002326E-05  -2.071165E-04   8.242361E-06   8.875179E+01   7.479227E-01   1.029969E+01   3.232648E+00  -1.672864E+01   6.657292E-01
             75   1.292048E-01  -4.443458E-01  -5.385489E-02   3.410541E-03  -5.633979E-04  -9.760971E-04   3.057372E-05  -2.454691E-04   3.057315E-05   7.776180E+02   1.356740E+02   6.900720E+01   2.469416E+00  -1.982635E+01   2.469370E+00
             76  -1.073871E-01  -4.457613E-01  -4.921678E-02  -2.699514E-03   3.907086E-04   8.438330E-04  -5.041551E-07   4.825454E-05  -2.632607E-05  -6.135622E+02  -1.143725E+02  -4.117549E+01  -4.072022E-02   3.897482E+00  -2.126336E+00
             77   4.683291E-03  -4.438078E-01  -4.929302E-02   9.675272E-05  -2.976523E-05  -2.976523E-05  -1.578777E-06   2.423779E-05  -1.578701E-06   2.013891E+01  -2.986086E-01  -2.986086E-01  -1.275166E-01   1.957667E+00  -1.275105E-01
             78   1.167936E-01  -4.460590E-01  -4.897441E-02   2.924306E-03  -4.502391E-04  -9.220675E-04   8.242473E-06  -1.108466E-05   4.002359E-05   6.604185E+02   1.152997E+02   3.908129E+01   6.657382E-01  -8.952998E-01   3.232674E+00
             79  -1.196491E-01  -4.440840E-01  -5.359304E-02  -2.924721E-03   4.625520E-04   8.752512E-04  -2.058160E-05   2.526293E-04  -2.058217E-05  -6.647162E+02  -1.175413E+02  -5.087448E+01  -1.662360E+00   2.040467E+01  -1.662406E+00
             80  -7.786318E-03  -4.417712E-01  -4.938942E-02  -1.820531E-04   5.970608E-05   1.928016E-05  -2.632640E-05   2.442864E-04  -5.042664E-07  -4.189553E+01  -2.842119E+00  -9.372461E+00  -2.126363E+00   1.973082E+01  -4.072921E-02
             81   1.041874E-01  -4.434869E-01  -4.463422E-02   2.537351E-03  -3.431399E-04  -8.680380E-04  -2.299060E-05   2.183156E-04  -3.366444E-06   5.705509E+02   1.052407E+02   2.044951E+01  -1.856933E+00   1.763319E+01  -2.719051E-01
             82  -1.078719E-01  -5.625452E-01  -5.861227E-02  -2.509014E-03   4.962617E-04   7.927437E-04   6.263706E-05  -1.936956E-04  -5.861179E-05  -5.531111E+02  -6.764344E+01  -1.975020E+01   5.059147E+00  -1.564465E+01  -4.734029E+00
             83   1.904217E-02  -5.600639E-01  -6.292143E-02   1.037646E-04  -2.687820E-05  -5.190735E-05   8.784340E-05  -9.009379E-05   1.629998E-05   1.978828E+01  -1.315558E+00  -5.358728E+00   7.095044E+00  -7.276806E+00   1.316537E+00
             84   1.469572E-01  -5.628140E-01  -6.642858E-02   4.331833E-03  -5.500181E-04  -9.627164E-04   4.122527E-05  -1.133346E-04   4.122537E-05   1.041302E+03   2.526955E+02   1.860289E+02   3.329734E+00  -9.153948E+00   3.329741E+00
             85  -1.207881E-01  -5.649174E-01  -6.257599E-02  -2.648287E-03   3.692585E-04   8.208154E-04  -1.723879E-05   2.444169E-05  -5.983732E-05  -6.044682E+02  -1.170186E+02  -4.407483E+01  -1.392364E+00   1.974136E+00  -4.833014E+00
             86   5.074791E-03  -5.630711E-01  -6.266189E-02   1.045509E-04  -2.703870E-05  -2.703870E-05  -2.397316E-05   9.609967E-05  -2.397317E-05   2.300404E+01   1.747264E+00   1.747264E+00  -1.936294E+00   7.761896E+00  -1.936294E+00
             87   1.312303E-01  -5.651878E-01  -6.161499E-02   2.621225E-03  -4.233359E-04  -8.110052E-04   1.629997E-05   1.059379E-04   8.784334E-05   5.914549E+02   9.964127E+01   3.701777E+01   1.316536E+00   8.556525E+00   7.095039E+00
             88  -1.339339E-01  -5.632058E-01  -6.682043E-02  -2.750386E-03   4.361889E-04   8.488872E-04  -4.285372E-05   2.457821E-04  -4.285362E-05  -6.218210E+02  -1.070666E+02  -4.040000E+01  -3.461262E+00   1.985163E+01  -3.461254E+00
             89  -8.600050E-03  -5.610249E-01  -6.265104E-02  -1.308264E-04   3.668841E-05  -2.170055E-06  -5.983726E-05   2.204734E-04  -1.723877E-05  -3.280159E+01  -5.741501E+00  -1.201864E+01  -4.833010E+00   1.780747E+01  -1.392363E+00
             90   1.165043E-01  -5.628389E-01  -5.831852E-02   2.525906E-03  -3.628120E-04  -6.592940E-04  -5.861192E-05   1.983679E-04   6.263719E-05   5.902221E+02   1.235831E+02   7.568981E+01  -4.734040E+00   1.602203E+01   5.059158E+00
             91  -1.201043E-01  -6.955418E-01  -7.215944E-02  -2.446487E-03   1.881508E-04   8.632240E-04   5.338172E-04  -2.846260E-04   2.184778E-05  -5.642249E+02  -1.386296E+02  -2.957930E+01   4.311600E+01  -2.298902E+01   1.764629E+00
             92   1.823049E-02  -6.946011E-01  -7.729583E-02  -1.623374E-04  -3.809555E-04   2.377359E-05   1.177653E-03  -4.457831E-04  -1.872721E-04  -8.916551E+01  -1.244807E+02  -5.910142E+01   9.511816E+01  -3.600556E+01  -1.512583E+01
             93   1.725231E-01  -6.993514E-01  -8.448425E-02   5.113188E-03  -9.500618E-04  -1.362760E-03   1.775523E-03  -8.495875E-04   1.146158E-03   1.165251E+03   1.858035E+02   1.191368E+02   1.434077E+02  -6.862053E+01   9.257432E+01
             94  -1.338700E-01  -6.978320E-01  -7.647556E-02  -2.616367E-03   3.052628E-04   8.582237E-04   6.684198E-04  -9.056479E-05  -3.752787E-05  -5.986659E+02  -1.267104E+02  -3.738589E+01   5.398775E+01  -7.314848E+00  -3.031097E+00
             95   5.728800E-03  -6.963056E-01  -7.741470E-02   1.308017E-04  -2.119611E-05  -2.119611E-05   5.203372E-04  -1.194885E-04  -1.090279E-04   3.184066E+01   7.287163E+00   7.287163E+00   4.202723E+01  -9.650996E+00  -8.806099E+00
             96   1.430059E-01  -6.980439E-01  -7.767045E-02   2.355123E-03  -3.476550E-04  -1.165083E-03   4.420930E-04  -2.497513E-04   5.482884E-04   4.825012E+02   4.589858E+01  -8.614741E+01   3.570751E+01  -2.017222E+01   4.428483E+01
             97  -1.471529E-01  -6.956088E-01  -8.074168E-02  -2.643798E-03   4.405249E-04   8.532234E-04   5.655337E-04   1.434658E-04  -6.383145E-05  -5.906387E+02  -9.240196E+01  -2.573529E+01   4.567772E+01   1.158762E+01  -5.155617E+00
             98  -9.094582E-03  -6.934062E-01  -7.708387E-02  -9.890636E-05   7.409672E-05  -6.616581E-05   5.918372E-04   1.054670E-04   3.905469E-05  -2.699921E+01   9.474439E-01  -2.171035E+01   4.780223E+01   8.518486E+00   3.154417E+00
             99   1.294465E-01  -6.948678E-01  -7.283342E-02   2.588434E-03  -2.923315E-04  -9.674047E-04   6.512129E-04   1.074375E-04  -9.554798E-05   5.791085E+02   1.137541E+02   4.703764E+00   5.259797E+01   8.677641E+00  -7.717337E+00

