C3D8_ne1_P
    8    1    1    1    2
    1    1    1    1   -1.000000000E+00  -1.000000000E+00   2.000000000E+00
    2    0    0    0   -1.000000000E+00   1.000000000E+00   2.000000000E+00
    3    1    1    1   -1.000000000E+00  -1.000000000E+00   0.000000000E+00
    4    0    0    0   -1.000000000E+00   1.000000000E+00   0.000000000E+00
    5    1    1    1    1.000000000E+00  -1.000000000E+00   2.000000000E+00
    6    0    0    0    1.000000000E+00   1.000000000E+00   2.000000000E+00
    7    1    1    1    1.000000000E+00  -1.000000000E+00   0.000000000E+00
    8    0    0    0    1.000000000E+00   1.000000000E+00   0.000000000E+00
    1    1
    2    2        -1
    3    1    1    2
    1    210000  0.3   7.8E-09
    1    5    6    8    7    1    2    4    3   1
stop