Job-C3D20-canbeam-rho7800-40-dyna-800s-matlab
  321    1   40    1    4  1.5    5
    1    1    1    1    0.000000000E+00  -5.000000000E+00   1.000000000E+01
    2    1    1    1    0.000000000E+00   0.000000000E+00   1.000000000E+01
    3    1    1    1    0.000000000E+00   5.000000000E+00   1.000000000E+01
    4    1    1    1    0.000000000E+00  -5.000000000E+00   5.000000000E+00
    5    1    1    1    0.000000000E+00   0.000000000E+00   5.000000000E+00
    6    1    1    1    0.000000000E+00   5.000000000E+00   5.000000000E+00
    7    1    1    1    0.000000000E+00  -5.000000000E+00   0.000000000E+00
    8    1    1    1    0.000000000E+00   0.000000000E+00   0.000000000E+00
    9    1    1    1    0.000000000E+00   5.000000000E+00   0.000000000E+00
   10    0    0    0    5.000000000E+00  -5.000000000E+00   1.000000000E+01
   11    0    0    0    5.000000000E+00   0.000000000E+00   1.000000000E+01
   12    0    0    0    5.000000000E+00   5.000000000E+00   1.000000000E+01
   13    0    0    0    5.000000000E+00  -5.000000000E+00   5.000000000E+00
   14    0    0    0    5.000000000E+00   0.000000000E+00   5.000000000E+00
   15    0    0    0    5.000000000E+00   5.000000000E+00   5.000000000E+00
   16    0    0    0    5.000000000E+00  -5.000000000E+00   0.000000000E+00
   17    0    0    0    5.000000000E+00   0.000000000E+00   0.000000000E+00
   18    0    0    0    5.000000000E+00   5.000000000E+00   0.000000000E+00
   19    0    0    0    1.000000000E+01  -5.000000000E+00   1.000000000E+01
   20    0    0    0    1.000000000E+01   0.000000000E+00   1.000000000E+01
   21    0    0    0    1.000000000E+01   5.000000000E+00   1.000000000E+01
   22    0    0    0    1.000000000E+01  -5.000000000E+00   5.000000000E+00
   23    0    0    0    1.000000000E+01   0.000000000E+00   5.000000000E+00
   24    0    0    0    1.000000000E+01   5.000000000E+00   5.000000000E+00
   25    0    0    0    1.000000000E+01  -5.000000000E+00   0.000000000E+00
   26    0    0    0    1.000000000E+01   0.000000000E+00   0.000000000E+00
   27    0    0    0    1.000000000E+01   5.000000000E+00   0.000000000E+00
   28    0    0    0    1.500000000E+01  -5.000000000E+00   1.000000000E+01
   29    0    0    0    1.500000000E+01   0.000000000E+00   1.000000000E+01
   30    0    0    0    1.500000000E+01   5.000000000E+00   1.000000000E+01
   31    0    0    0    1.500000000E+01  -5.000000000E+00   5.000000000E+00
   32    0    0    0    1.500000000E+01   0.000000000E+00   5.000000000E+00
   33    0    0    0    1.500000000E+01   5.000000000E+00   5.000000000E+00
   34    0    0    0    1.500000000E+01  -5.000000000E+00   0.000000000E+00
   35    0    0    0    1.500000000E+01   0.000000000E+00   0.000000000E+00
   36    0    0    0    1.500000000E+01   5.000000000E+00   0.000000000E+00
   37    0    0    0    2.000000000E+01  -5.000000000E+00   1.000000000E+01
   38    0    0    0    2.000000000E+01   0.000000000E+00   1.000000000E+01
   39    0    0    0    2.000000000E+01   5.000000000E+00   1.000000000E+01
   40    0    0    0    2.000000000E+01  -5.000000000E+00   5.000000000E+00
   41    0    0    0    2.000000000E+01   0.000000000E+00   5.000000000E+00
   42    0    0    0    2.000000000E+01   5.000000000E+00   5.000000000E+00
   43    0    0    0    2.000000000E+01  -5.000000000E+00   0.000000000E+00
   44    0    0    0    2.000000000E+01   0.000000000E+00   0.000000000E+00
   45    0    0    0    2.000000000E+01   5.000000000E+00   0.000000000E+00
   46    0    0    0    2.500000000E+01  -5.000000000E+00   1.000000000E+01
   47    0    0    0    2.500000000E+01   0.000000000E+00   1.000000000E+01
   48    0    0    0    2.500000000E+01   5.000000000E+00   1.000000000E+01
   49    0    0    0    2.500000000E+01  -5.000000000E+00   5.000000000E+00
   50    0    0    0    2.500000000E+01   0.000000000E+00   5.000000000E+00
   51    0    0    0    2.500000000E+01   5.000000000E+00   5.000000000E+00
   52    0    0    0    2.500000000E+01  -5.000000000E+00   0.000000000E+00
   53    0    0    0    2.500000000E+01   0.000000000E+00   0.000000000E+00
   54    0    0    0    2.500000000E+01   5.000000000E+00   0.000000000E+00
   55    0    0    0    3.000000000E+01  -5.000000000E+00   1.000000000E+01
   56    0    0    0    3.000000000E+01   0.000000000E+00   1.000000000E+01
   57    0    0    0    3.000000000E+01   5.000000000E+00   1.000000000E+01
   58    0    0    0    3.000000000E+01  -5.000000000E+00   5.000000000E+00
   59    0    0    0    3.000000000E+01   0.000000000E+00   5.000000000E+00
   60    0    0    0    3.000000000E+01   5.000000000E+00   5.000000000E+00
   61    0    0    0    3.000000000E+01  -5.000000000E+00   0.000000000E+00
   62    0    0    0    3.000000000E+01   0.000000000E+00   0.000000000E+00
   63    0    0    0    3.000000000E+01   5.000000000E+00   0.000000000E+00
   64    0    0    0    3.500000000E+01  -5.000000000E+00   1.000000000E+01
   65    0    0    0    3.500000000E+01   0.000000000E+00   1.000000000E+01
   66    0    0    0    3.500000000E+01   5.000000000E+00   1.000000000E+01
   67    0    0    0    3.500000000E+01  -5.000000000E+00   5.000000000E+00
   68    0    0    0    3.500000000E+01   0.000000000E+00   5.000000000E+00
   69    0    0    0    3.500000000E+01   5.000000000E+00   5.000000000E+00
   70    0    0    0    3.500000000E+01  -5.000000000E+00   0.000000000E+00
   71    0    0    0    3.500000000E+01   0.000000000E+00   0.000000000E+00
   72    0    0    0    3.500000000E+01   5.000000000E+00   0.000000000E+00
   73    0    0    0    4.000000000E+01  -5.000000000E+00   1.000000000E+01
   74    0    0    0    4.000000000E+01   0.000000000E+00   1.000000000E+01
   75    0    0    0    4.000000000E+01   5.000000000E+00   1.000000000E+01
   76    0    0    0    4.000000000E+01  -5.000000000E+00   5.000000000E+00
   77    0    0    0    4.000000000E+01   0.000000000E+00   5.000000000E+00
   78    0    0    0    4.000000000E+01   5.000000000E+00   5.000000000E+00
   79    0    0    0    4.000000000E+01  -5.000000000E+00   0.000000000E+00
   80    0    0    0    4.000000000E+01   0.000000000E+00   0.000000000E+00
   81    0    0    0    4.000000000E+01   5.000000000E+00   0.000000000E+00
   82    0    0    0    4.500000000E+01  -5.000000000E+00   1.000000000E+01
   83    0    0    0    4.500000000E+01   0.000000000E+00   1.000000000E+01
   84    0    0    0    4.500000000E+01   5.000000000E+00   1.000000000E+01
   85    0    0    0    4.500000000E+01  -5.000000000E+00   5.000000000E+00
   86    0    0    0    4.500000000E+01   0.000000000E+00   5.000000000E+00
   87    0    0    0    4.500000000E+01   5.000000000E+00   5.000000000E+00
   88    0    0    0    4.500000000E+01  -5.000000000E+00   0.000000000E+00
   89    0    0    0    4.500000000E+01   0.000000000E+00   0.000000000E+00
   90    0    0    0    4.500000000E+01   5.000000000E+00   0.000000000E+00
   91    0    0    0    5.000000000E+01  -5.000000000E+00   1.000000000E+01
   92    0    0    0    5.000000000E+01   0.000000000E+00   1.000000000E+01
   93    0    0    0    5.000000000E+01   5.000000000E+00   1.000000000E+01
   94    0    0    0    5.000000000E+01  -5.000000000E+00   5.000000000E+00
   95    0    0    0    5.000000000E+01   0.000000000E+00   5.000000000E+00
   96    0    0    0    5.000000000E+01   5.000000000E+00   5.000000000E+00
   97    0    0    0    5.000000000E+01  -5.000000000E+00   0.000000000E+00
   98    0    0    0    5.000000000E+01   0.000000000E+00   0.000000000E+00
   99    0    0    0    5.000000000E+01   5.000000000E+00   0.000000000E+00
  100    0    0    0    5.000000000E+00  -5.000000000E+00   7.500000000E+00
  101    0    0    0    5.000000000E+00  -2.500000000E+00   5.000000000E+00
  102    0    0    0    5.000000000E+00   0.000000000E+00   7.500000000E+00
  103    0    0    0    5.000000000E+00  -2.500000000E+00   1.000000000E+01
  104    1    1    1    0.000000000E+00  -2.500000000E+00   1.000000000E+01
  105    1    1    1    0.000000000E+00   0.000000000E+00   7.500000000E+00
  106    1    1    1    0.000000000E+00  -2.500000000E+00   5.000000000E+00
  107    1    1    1    0.000000000E+00  -5.000000000E+00   7.500000000E+00
  108    0    0    0    2.500000000E+00   0.000000000E+00   1.000000000E+01
  109    0    0    0    2.500000000E+00  -5.000000000E+00   1.000000000E+01
  110    0    0    0    2.500000000E+00   0.000000000E+00   5.000000000E+00
  111    0    0    0    2.500000000E+00  -5.000000000E+00   5.000000000E+00
  112    0    0    0    5.000000000E+00   2.500000000E+00   5.000000000E+00
  113    0    0    0    5.000000000E+00   5.000000000E+00   7.500000000E+00
  114    0    0    0    5.000000000E+00   2.500000000E+00   1.000000000E+01
  115    1    1    1    0.000000000E+00   2.500000000E+00   1.000000000E+01
  116    1    1    1    0.000000000E+00   5.000000000E+00   7.500000000E+00
  117    1    1    1    0.000000000E+00   2.500000000E+00   5.000000000E+00
  118    0    0    0    2.500000000E+00   5.000000000E+00   1.000000000E+01
  119    0    0    0    2.500000000E+00   5.000000000E+00   5.000000000E+00
  120    0    0    0    5.000000000E+00  -5.000000000E+00   2.500000000E+00
  121    0    0    0    5.000000000E+00  -2.500000000E+00   0.000000000E+00
  122    0    0    0    5.000000000E+00   0.000000000E+00   2.500000000E+00
  123    1    1    1    0.000000000E+00   0.000000000E+00   2.500000000E+00
  124    1    1    1    0.000000000E+00  -2.500000000E+00   0.000000000E+00
  125    1    1    1    0.000000000E+00  -5.000000000E+00   2.500000000E+00
  126    0    0    0    2.500000000E+00   0.000000000E+00   0.000000000E+00
  127    0    0    0    2.500000000E+00  -5.000000000E+00   0.000000000E+00
  128    0    0    0    5.000000000E+00   2.500000000E+00   0.000000000E+00
  129    0    0    0    5.000000000E+00   5.000000000E+00   2.500000000E+00
  130    1    1    1    0.000000000E+00   5.000000000E+00   2.500000000E+00
  131    1    1    1    0.000000000E+00   2.500000000E+00   0.000000000E+00
  132    0    0    0    2.500000000E+00   5.000000000E+00   0.000000000E+00
  133    0    0    0    1.000000000E+01  -5.000000000E+00   7.500000000E+00
  134    0    0    0    1.000000000E+01  -2.500000000E+00   5.000000000E+00
  135    0    0    0    1.000000000E+01   0.000000000E+00   7.500000000E+00
  136    0    0    0    1.000000000E+01  -2.500000000E+00   1.000000000E+01
  137    0    0    0    7.500000000E+00   0.000000000E+00   1.000000000E+01
  138    0    0    0    7.500000000E+00  -5.000000000E+00   1.000000000E+01
  139    0    0    0    7.500000000E+00   0.000000000E+00   5.000000000E+00
  140    0    0    0    7.500000000E+00  -5.000000000E+00   5.000000000E+00
  141    0    0    0    1.000000000E+01   2.500000000E+00   5.000000000E+00
  142    0    0    0    1.000000000E+01   5.000000000E+00   7.500000000E+00
  143    0    0    0    1.000000000E+01   2.500000000E+00   1.000000000E+01
  144    0    0    0    7.500000000E+00   5.000000000E+00   1.000000000E+01
  145    0    0    0    7.500000000E+00   5.000000000E+00   5.000000000E+00
  146    0    0    0    1.000000000E+01  -5.000000000E+00   2.500000000E+00
  147    0    0    0    1.000000000E+01  -2.500000000E+00   0.000000000E+00
  148    0    0    0    1.000000000E+01   0.000000000E+00   2.500000000E+00
  149    0    0    0    7.500000000E+00   0.000000000E+00   0.000000000E+00
  150    0    0    0    7.500000000E+00  -5.000000000E+00   0.000000000E+00
  151    0    0    0    1.000000000E+01   2.500000000E+00   0.000000000E+00
  152    0    0    0    1.000000000E+01   5.000000000E+00   2.500000000E+00
  153    0    0    0    7.500000000E+00   5.000000000E+00   0.000000000E+00
  154    0    0    0    1.500000000E+01  -5.000000000E+00   7.500000000E+00
  155    0    0    0    1.500000000E+01  -2.500000000E+00   5.000000000E+00
  156    0    0    0    1.500000000E+01   0.000000000E+00   7.500000000E+00
  157    0    0    0    1.500000000E+01  -2.500000000E+00   1.000000000E+01
  158    0    0    0    1.250000000E+01   0.000000000E+00   1.000000000E+01
  159    0    0    0    1.250000000E+01  -5.000000000E+00   1.000000000E+01
  160    0    0    0    1.250000000E+01   0.000000000E+00   5.000000000E+00
  161    0    0    0    1.250000000E+01  -5.000000000E+00   5.000000000E+00
  162    0    0    0    1.500000000E+01   2.500000000E+00   5.000000000E+00
  163    0    0    0    1.500000000E+01   5.000000000E+00   7.500000000E+00
  164    0    0    0    1.500000000E+01   2.500000000E+00   1.000000000E+01
  165    0    0    0    1.250000000E+01   5.000000000E+00   1.000000000E+01
  166    0    0    0    1.250000000E+01   5.000000000E+00   5.000000000E+00
  167    0    0    0    1.500000000E+01  -5.000000000E+00   2.500000000E+00
  168    0    0    0    1.500000000E+01  -2.500000000E+00   0.000000000E+00
  169    0    0    0    1.500000000E+01   0.000000000E+00   2.500000000E+00
  170    0    0    0    1.250000000E+01   0.000000000E+00   0.000000000E+00
  171    0    0    0    1.250000000E+01  -5.000000000E+00   0.000000000E+00
  172    0    0    0    1.500000000E+01   2.500000000E+00   0.000000000E+00
  173    0    0    0    1.500000000E+01   5.000000000E+00   2.500000000E+00
  174    0    0    0    1.250000000E+01   5.000000000E+00   0.000000000E+00
  175    0    0    0    2.000000000E+01  -5.000000000E+00   7.500000000E+00
  176    0    0    0    2.000000000E+01  -2.500000000E+00   5.000000000E+00
  177    0    0    0    2.000000000E+01   0.000000000E+00   7.500000000E+00
  178    0    0    0    2.000000000E+01  -2.500000000E+00   1.000000000E+01
  179    0    0    0    1.750000000E+01   0.000000000E+00   1.000000000E+01
  180    0    0    0    1.750000000E+01  -5.000000000E+00   1.000000000E+01
  181    0    0    0    1.750000000E+01   0.000000000E+00   5.000000000E+00
  182    0    0    0    1.750000000E+01  -5.000000000E+00   5.000000000E+00
  183    0    0    0    2.000000000E+01   2.500000000E+00   5.000000000E+00
  184    0    0    0    2.000000000E+01   5.000000000E+00   7.500000000E+00
  185    0    0    0    2.000000000E+01   2.500000000E+00   1.000000000E+01
  186    0    0    0    1.750000000E+01   5.000000000E+00   1.000000000E+01
  187    0    0    0    1.750000000E+01   5.000000000E+00   5.000000000E+00
  188    0    0    0    2.000000000E+01  -5.000000000E+00   2.500000000E+00
  189    0    0    0    2.000000000E+01  -2.500000000E+00   0.000000000E+00
  190    0    0    0    2.000000000E+01   0.000000000E+00   2.500000000E+00
  191    0    0    0    1.750000000E+01   0.000000000E+00   0.000000000E+00
  192    0    0    0    1.750000000E+01  -5.000000000E+00   0.000000000E+00
  193    0    0    0    2.000000000E+01   2.500000000E+00   0.000000000E+00
  194    0    0    0    2.000000000E+01   5.000000000E+00   2.500000000E+00
  195    0    0    0    1.750000000E+01   5.000000000E+00   0.000000000E+00
  196    0    0    0    2.500000000E+01  -5.000000000E+00   7.500000000E+00
  197    0    0    0    2.500000000E+01  -2.500000000E+00   5.000000000E+00
  198    0    0    0    2.500000000E+01   0.000000000E+00   7.500000000E+00
  199    0    0    0    2.500000000E+01  -2.500000000E+00   1.000000000E+01
  200    0    0    0    2.250000000E+01   0.000000000E+00   1.000000000E+01
  201    0    0    0    2.250000000E+01  -5.000000000E+00   1.000000000E+01
  202    0    0    0    2.250000000E+01   0.000000000E+00   5.000000000E+00
  203    0    0    0    2.250000000E+01  -5.000000000E+00   5.000000000E+00
  204    0    0    0    2.500000000E+01   2.500000000E+00   5.000000000E+00
  205    0    0    0    2.500000000E+01   5.000000000E+00   7.500000000E+00
  206    0    0    0    2.500000000E+01   2.500000000E+00   1.000000000E+01
  207    0    0    0    2.250000000E+01   5.000000000E+00   1.000000000E+01
  208    0    0    0    2.250000000E+01   5.000000000E+00   5.000000000E+00
  209    0    0    0    2.500000000E+01  -5.000000000E+00   2.500000000E+00
  210    0    0    0    2.500000000E+01  -2.500000000E+00   0.000000000E+00
  211    0    0    0    2.500000000E+01   0.000000000E+00   2.500000000E+00
  212    0    0    0    2.250000000E+01   0.000000000E+00   0.000000000E+00
  213    0    0    0    2.250000000E+01  -5.000000000E+00   0.000000000E+00
  214    0    0    0    2.500000000E+01   2.500000000E+00   0.000000000E+00
  215    0    0    0    2.500000000E+01   5.000000000E+00   2.500000000E+00
  216    0    0    0    2.250000000E+01   5.000000000E+00   0.000000000E+00
  217    0    0    0    3.000000000E+01  -5.000000000E+00   7.500000000E+00
  218    0    0    0    3.000000000E+01  -2.500000000E+00   5.000000000E+00
  219    0    0    0    3.000000000E+01   0.000000000E+00   7.500000000E+00
  220    0    0    0    3.000000000E+01  -2.500000000E+00   1.000000000E+01
  221    0    0    0    2.750000000E+01   0.000000000E+00   1.000000000E+01
  222    0    0    0    2.750000000E+01  -5.000000000E+00   1.000000000E+01
  223    0    0    0    2.750000000E+01   0.000000000E+00   5.000000000E+00
  224    0    0    0    2.750000000E+01  -5.000000000E+00   5.000000000E+00
  225    0    0    0    3.000000000E+01   2.500000000E+00   5.000000000E+00
  226    0    0    0    3.000000000E+01   5.000000000E+00   7.500000000E+00
  227    0    0    0    3.000000000E+01   2.500000000E+00   1.000000000E+01
  228    0    0    0    2.750000000E+01   5.000000000E+00   1.000000000E+01
  229    0    0    0    2.750000000E+01   5.000000000E+00   5.000000000E+00
  230    0    0    0    3.000000000E+01  -5.000000000E+00   2.500000000E+00
  231    0    0    0    3.000000000E+01  -2.500000000E+00   0.000000000E+00
  232    0    0    0    3.000000000E+01   0.000000000E+00   2.500000000E+00
  233    0    0    0    2.750000000E+01   0.000000000E+00   0.000000000E+00
  234    0    0    0    2.750000000E+01  -5.000000000E+00   0.000000000E+00
  235    0    0    0    3.000000000E+01   2.500000000E+00   0.000000000E+00
  236    0    0    0    3.000000000E+01   5.000000000E+00   2.500000000E+00
  237    0    0    0    2.750000000E+01   5.000000000E+00   0.000000000E+00
  238    0    0    0    3.500000000E+01  -5.000000000E+00   7.500000000E+00
  239    0    0    0    3.500000000E+01  -2.500000000E+00   5.000000000E+00
  240    0    0    0    3.500000000E+01   0.000000000E+00   7.500000000E+00
  241    0    0    0    3.500000000E+01  -2.500000000E+00   1.000000000E+01
  242    0    0    0    3.250000000E+01   0.000000000E+00   1.000000000E+01
  243    0    0    0    3.250000000E+01  -5.000000000E+00   1.000000000E+01
  244    0    0    0    3.250000000E+01   0.000000000E+00   5.000000000E+00
  245    0    0    0    3.250000000E+01  -5.000000000E+00   5.000000000E+00
  246    0    0    0    3.500000000E+01   2.500000000E+00   5.000000000E+00
  247    0    0    0    3.500000000E+01   5.000000000E+00   7.500000000E+00
  248    0    0    0    3.500000000E+01   2.500000000E+00   1.000000000E+01
  249    0    0    0    3.250000000E+01   5.000000000E+00   1.000000000E+01
  250    0    0    0    3.250000000E+01   5.000000000E+00   5.000000000E+00
  251    0    0    0    3.500000000E+01  -5.000000000E+00   2.500000000E+00
  252    0    0    0    3.500000000E+01  -2.500000000E+00   0.000000000E+00
  253    0    0    0    3.500000000E+01   0.000000000E+00   2.500000000E+00
  254    0    0    0    3.250000000E+01   0.000000000E+00   0.000000000E+00
  255    0    0    0    3.250000000E+01  -5.000000000E+00   0.000000000E+00
  256    0    0    0    3.500000000E+01   2.500000000E+00   0.000000000E+00
  257    0    0    0    3.500000000E+01   5.000000000E+00   2.500000000E+00
  258    0    0    0    3.250000000E+01   5.000000000E+00   0.000000000E+00
  259    0    0    0    4.000000000E+01  -5.000000000E+00   7.500000000E+00
  260    0    0    0    4.000000000E+01  -2.500000000E+00   5.000000000E+00
  261    0    0    0    4.000000000E+01   0.000000000E+00   7.500000000E+00
  262    0    0    0    4.000000000E+01  -2.500000000E+00   1.000000000E+01
  263    0    0    0    3.750000000E+01   0.000000000E+00   1.000000000E+01
  264    0    0    0    3.750000000E+01  -5.000000000E+00   1.000000000E+01
  265    0    0    0    3.750000000E+01   0.000000000E+00   5.000000000E+00
  266    0    0    0    3.750000000E+01  -5.000000000E+00   5.000000000E+00
  267    0    0    0    4.000000000E+01   2.500000000E+00   5.000000000E+00
  268    0    0    0    4.000000000E+01   5.000000000E+00   7.500000000E+00
  269    0    0    0    4.000000000E+01   2.500000000E+00   1.000000000E+01
  270    0    0    0    3.750000000E+01   5.000000000E+00   1.000000000E+01
  271    0    0    0    3.750000000E+01   5.000000000E+00   5.000000000E+00
  272    0    0    0    4.000000000E+01  -5.000000000E+00   2.500000000E+00
  273    0    0    0    4.000000000E+01  -2.500000000E+00   0.000000000E+00
  274    0    0    0    4.000000000E+01   0.000000000E+00   2.500000000E+00
  275    0    0    0    3.750000000E+01   0.000000000E+00   0.000000000E+00
  276    0    0    0    3.750000000E+01  -5.000000000E+00   0.000000000E+00
  277    0    0    0    4.000000000E+01   2.500000000E+00   0.000000000E+00
  278    0    0    0    4.000000000E+01   5.000000000E+00   2.500000000E+00
  279    0    0    0    3.750000000E+01   5.000000000E+00   0.000000000E+00
  280    0    0    0    4.500000000E+01  -5.000000000E+00   7.500000000E+00
  281    0    0    0    4.500000000E+01  -2.500000000E+00   5.000000000E+00
  282    0    0    0    4.500000000E+01   0.000000000E+00   7.500000000E+00
  283    0    0    0    4.500000000E+01  -2.500000000E+00   1.000000000E+01
  284    0    0    0    4.250000000E+01   0.000000000E+00   1.000000000E+01
  285    0    0    0    4.250000000E+01  -5.000000000E+00   1.000000000E+01
  286    0    0    0    4.250000000E+01   0.000000000E+00   5.000000000E+00
  287    0    0    0    4.250000000E+01  -5.000000000E+00   5.000000000E+00
  288    0    0    0    4.500000000E+01   2.500000000E+00   5.000000000E+00
  289    0    0    0    4.500000000E+01   5.000000000E+00   7.500000000E+00
  290    0    0    0    4.500000000E+01   2.500000000E+00   1.000000000E+01
  291    0    0    0    4.250000000E+01   5.000000000E+00   1.000000000E+01
  292    0    0    0    4.250000000E+01   5.000000000E+00   5.000000000E+00
  293    0    0    0    4.500000000E+01  -5.000000000E+00   2.500000000E+00
  294    0    0    0    4.500000000E+01  -2.500000000E+00   0.000000000E+00
  295    0    0    0    4.500000000E+01   0.000000000E+00   2.500000000E+00
  296    0    0    0    4.250000000E+01   0.000000000E+00   0.000000000E+00
  297    0    0    0    4.250000000E+01  -5.000000000E+00   0.000000000E+00
  298    0    0    0    4.500000000E+01   2.500000000E+00   0.000000000E+00
  299    0    0    0    4.500000000E+01   5.000000000E+00   2.500000000E+00
  300    0    0    0    4.250000000E+01   5.000000000E+00   0.000000000E+00
  301    0    0    0    5.000000000E+01  -5.000000000E+00   7.500000000E+00
  302    0    0    0    5.000000000E+01  -2.500000000E+00   5.000000000E+00
  303    0    0    0    5.000000000E+01   0.000000000E+00   7.500000000E+00
  304    0    0    0    5.000000000E+01  -2.500000000E+00   1.000000000E+01
  305    0    0    0    4.750000000E+01   0.000000000E+00   1.000000000E+01
  306    0    0    0    4.750000000E+01  -5.000000000E+00   1.000000000E+01
  307    0    0    0    4.750000000E+01   0.000000000E+00   5.000000000E+00
  308    0    0    0    4.750000000E+01  -5.000000000E+00   5.000000000E+00
  309    0    0    0    5.000000000E+01   2.500000000E+00   5.000000000E+00
  310    0    0    0    5.000000000E+01   5.000000000E+00   7.500000000E+00
  311    0    0    0    5.000000000E+01   2.500000000E+00   1.000000000E+01
  312    0    0    0    4.750000000E+01   5.000000000E+00   1.000000000E+01
  313    0    0    0    4.750000000E+01   5.000000000E+00   5.000000000E+00
  314    0    0    0    5.000000000E+01  -5.000000000E+00   2.500000000E+00
  315    0    0    0    5.000000000E+01  -2.500000000E+00   0.000000000E+00
  316    0    0    0    5.000000000E+01   0.000000000E+00   2.500000000E+00
  317    0    0    0    4.750000000E+01   0.000000000E+00   0.000000000E+00
  318    0    0    0    4.750000000E+01  -5.000000000E+00   0.000000000E+00
  319    0    0    0    5.000000000E+01   2.500000000E+00   0.000000000E+00
  320    0    0    0    5.000000000E+01   5.000000000E+00   2.500000000E+00
  321    0    0    0    4.750000000E+01   5.000000000E+00   0.000000000E+00
    1   16    2   -1    0 1000 1001
   93    1 -8.333333e+04
  310    1 3.333333e+05
   96    1 -1.666667e+05
  320    1 3.333333e+05
   99    1 -8.333333e+04
  311    1 3.333333e+05
  309    1 6.666667e+05
  319    1 3.333333e+05
  304    1 -3.333333e+05
  302    1 -6.666667e+05
  315    1 -3.333333e+05
   91    1 8.333333e+04
  301    1 -3.333333e+05
   94    1 1.666667e+05
  314    1 -3.333333e+05
   97    1 8.333333e+04
    4   40    1    3
    1    2.1E+11  0.3   7.8E+03
    1   10   11   14   13    1    2    5    4  103  102  101  100  104  105  106  107  109  108  110  111    1
    2   11   12   15   14    2    3    6    5  114  113  112  102  115  116  117  105  108  118  119  110    1
    3   13   14   17   16    4    5    8    7  101  122  121  120  106  123  124  125  111  110  126  127    1
    4   14   15   18   17    5    6    9    8  112  129  128  122  117  130  131  123  110  119  132  126    1
    5   19   20   23   22   10   11   14   13  136  135  134  133  103  102  101  100  138  137  139  140    1
    6   20   21   24   23   11   12   15   14  143  142  141  135  114  113  112  102  137  144  145  139    1
    7   22   23   26   25   13   14   17   16  134  148  147  146  101  122  121  120  140  139  149  150    1
    8   23   24   27   26   14   15   18   17  141  152  151  148  112  129  128  122  139  145  153  149    1
    9   28   29   32   31   19   20   23   22  157  156  155  154  136  135  134  133  159  158  160  161    1
   10   29   30   33   32   20   21   24   23  164  163  162  156  143  142  141  135  158  165  166  160    1
   11   31   32   35   34   22   23   26   25  155  169  168  167  134  148  147  146  161  160  170  171    1
   12   32   33   36   35   23   24   27   26  162  173  172  169  141  152  151  148  160  166  174  170    1
   13   37   38   41   40   28   29   32   31  178  177  176  175  157  156  155  154  180  179  181  182    1
   14   38   39   42   41   29   30   33   32  185  184  183  177  164  163  162  156  179  186  187  181    1
   15   40   41   44   43   31   32   35   34  176  190  189  188  155  169  168  167  182  181  191  192    1
   16   41   42   45   44   32   33   36   35  183  194  193  190  162  173  172  169  181  187  195  191    1
   17   46   47   50   49   37   38   41   40  199  198  197  196  178  177  176  175  201  200  202  203    1
   18   47   48   51   50   38   39   42   41  206  205  204  198  185  184  183  177  200  207  208  202    1
   19   49   50   53   52   40   41   44   43  197  211  210  209  176  190  189  188  203  202  212  213    1
   20   50   51   54   53   41   42   45   44  204  215  214  211  183  194  193  190  202  208  216  212    1
   21   55   56   59   58   46   47   50   49  220  219  218  217  199  198  197  196  222  221  223  224    1
   22   56   57   60   59   47   48   51   50  227  226  225  219  206  205  204  198  221  228  229  223    1
   23   58   59   62   61   49   50   53   52  218  232  231  230  197  211  210  209  224  223  233  234    1
   24   59   60   63   62   50   51   54   53  225  236  235  232  204  215  214  211  223  229  237  233    1
   25   64   65   68   67   55   56   59   58  241  240  239  238  220  219  218  217  243  242  244  245    1
   26   65   66   69   68   56   57   60   59  248  247  246  240  227  226  225  219  242  249  250  244    1
   27   67   68   71   70   58   59   62   61  239  253  252  251  218  232  231  230  245  244  254  255    1
   28   68   69   72   71   59   60   63   62  246  257  256  253  225  236  235  232  244  250  258  254    1
   29   73   74   77   76   64   65   68   67  262  261  260  259  241  240  239  238  264  263  265  266    1
   30   74   75   78   77   65   66   69   68  269  268  267  261  248  247  246  240  263  270  271  265    1
   31   76   77   80   79   67   68   71   70  260  274  273  272  239  253  252  251  266  265  275  276    1
   32   77   78   81   80   68   69   72   71  267  278  277  274  246  257  256  253  265  271  279  275    1
   33   82   83   86   85   73   74   77   76  283  282  281  280  262  261  260  259  285  284  286  287    1
   34   83   84   87   86   74   75   78   77  290  289  288  282  269  268  267  261  284  291  292  286    1
   35   85   86   89   88   76   77   80   79  281  295  294  293  260  274  273  272  287  286  296  297    1
   36   86   87   90   89   77   78   81   80  288  299  298  295  267  278  277  274  286  292  300  296    1
   37   91   92   95   94   82   83   86   85  304  303  302  301  283  282  281  280  306  305  307  308    1
   38   92   93   96   95   83   84   87   86  311  310  309  303  290  289  288  282  305  312  313  307    1
   39   94   95   98   97   85   86   89   88  302  316  315  314  281  295  294  293  308  307  317  318    1
   40   95   96   99   98   86   87   90   89  309  320  319  316  288  299  298  295  307  313  321  317    1
stop