Job-C3D8-cantilever-beam-rho7800-dyna
   99    1   40    1    4  1.5    5
    1    1    1    1    0.000000000E+00  -5.000000000E+00   1.000000000E+01
    2    1    1    1    0.000000000E+00   0.000000000E+00   1.000000000E+01
    3    1    1    1    0.000000000E+00   5.000000000E+00   1.000000000E+01
    4    1    1    1    0.000000000E+00  -5.000000000E+00   5.000000000E+00
    5    1    1    1    0.000000000E+00   0.000000000E+00   5.000000000E+00
    6    1    1    1    0.000000000E+00   5.000000000E+00   5.000000000E+00
    7    1    1    1    0.000000000E+00  -5.000000000E+00   0.000000000E+00
    8    1    1    1    0.000000000E+00   0.000000000E+00   0.000000000E+00
    9    1    1    1    0.000000000E+00   5.000000000E+00   0.000000000E+00
   10    0    0    0    5.000000000E+00  -5.000000000E+00   1.000000000E+01
   11    0    0    0    5.000000000E+00   0.000000000E+00   1.000000000E+01
   12    0    0    0    5.000000000E+00   5.000000000E+00   1.000000000E+01
   13    0    0    0    5.000000000E+00  -5.000000000E+00   5.000000000E+00
   14    0    0    0    5.000000000E+00   0.000000000E+00   5.000000000E+00
   15    0    0    0    5.000000000E+00   5.000000000E+00   5.000000000E+00
   16    0    0    0    5.000000000E+00  -5.000000000E+00   0.000000000E+00
   17    0    0    0    5.000000000E+00   0.000000000E+00   0.000000000E+00
   18    0    0    0    5.000000000E+00   5.000000000E+00   0.000000000E+00
   19    0    0    0    1.000000000E+01  -5.000000000E+00   1.000000000E+01
   20    0    0    0    1.000000000E+01   0.000000000E+00   1.000000000E+01
   21    0    0    0    1.000000000E+01   5.000000000E+00   1.000000000E+01
   22    0    0    0    1.000000000E+01  -5.000000000E+00   5.000000000E+00
   23    0    0    0    1.000000000E+01   0.000000000E+00   5.000000000E+00
   24    0    0    0    1.000000000E+01   5.000000000E+00   5.000000000E+00
   25    0    0    0    1.000000000E+01  -5.000000000E+00   0.000000000E+00
   26    0    0    0    1.000000000E+01   0.000000000E+00   0.000000000E+00
   27    0    0    0    1.000000000E+01   5.000000000E+00   0.000000000E+00
   28    0    0    0    1.500000000E+01  -5.000000000E+00   1.000000000E+01
   29    0    0    0    1.500000000E+01   0.000000000E+00   1.000000000E+01
   30    0    0    0    1.500000000E+01   5.000000000E+00   1.000000000E+01
   31    0    0    0    1.500000000E+01  -5.000000000E+00   5.000000000E+00
   32    0    0    0    1.500000000E+01   0.000000000E+00   5.000000000E+00
   33    0    0    0    1.500000000E+01   5.000000000E+00   5.000000000E+00
   34    0    0    0    1.500000000E+01  -5.000000000E+00   0.000000000E+00
   35    0    0    0    1.500000000E+01   0.000000000E+00   0.000000000E+00
   36    0    0    0    1.500000000E+01   5.000000000E+00   0.000000000E+00
   37    0    0    0    2.000000000E+01  -5.000000000E+00   1.000000000E+01
   38    0    0    0    2.000000000E+01   0.000000000E+00   1.000000000E+01
   39    0    0    0    2.000000000E+01   5.000000000E+00   1.000000000E+01
   40    0    0    0    2.000000000E+01  -5.000000000E+00   5.000000000E+00
   41    0    0    0    2.000000000E+01   0.000000000E+00   5.000000000E+00
   42    0    0    0    2.000000000E+01   5.000000000E+00   5.000000000E+00
   43    0    0    0    2.000000000E+01  -5.000000000E+00   0.000000000E+00
   44    0    0    0    2.000000000E+01   0.000000000E+00   0.000000000E+00
   45    0    0    0    2.000000000E+01   5.000000000E+00   0.000000000E+00
   46    0    0    0    2.500000000E+01  -5.000000000E+00   1.000000000E+01
   47    0    0    0    2.500000000E+01   0.000000000E+00   1.000000000E+01
   48    0    0    0    2.500000000E+01   5.000000000E+00   1.000000000E+01
   49    0    0    0    2.500000000E+01  -5.000000000E+00   5.000000000E+00
   50    0    0    0    2.500000000E+01   0.000000000E+00   5.000000000E+00
   51    0    0    0    2.500000000E+01   5.000000000E+00   5.000000000E+00
   52    0    0    0    2.500000000E+01  -5.000000000E+00   0.000000000E+00
   53    0    0    0    2.500000000E+01   0.000000000E+00   0.000000000E+00
   54    0    0    0    2.500000000E+01   5.000000000E+00   0.000000000E+00
   55    0    0    0    3.000000000E+01  -5.000000000E+00   1.000000000E+01
   56    0    0    0    3.000000000E+01   0.000000000E+00   1.000000000E+01
   57    0    0    0    3.000000000E+01   5.000000000E+00   1.000000000E+01
   58    0    0    0    3.000000000E+01  -5.000000000E+00   5.000000000E+00
   59    0    0    0    3.000000000E+01   0.000000000E+00   5.000000000E+00
   60    0    0    0    3.000000000E+01   5.000000000E+00   5.000000000E+00
   61    0    0    0    3.000000000E+01  -5.000000000E+00   0.000000000E+00
   62    0    0    0    3.000000000E+01   0.000000000E+00   0.000000000E+00
   63    0    0    0    3.000000000E+01   5.000000000E+00   0.000000000E+00
   64    0    0    0    3.500000000E+01  -5.000000000E+00   1.000000000E+01
   65    0    0    0    3.500000000E+01   0.000000000E+00   1.000000000E+01
   66    0    0    0    3.500000000E+01   5.000000000E+00   1.000000000E+01
   67    0    0    0    3.500000000E+01  -5.000000000E+00   5.000000000E+00
   68    0    0    0    3.500000000E+01   0.000000000E+00   5.000000000E+00
   69    0    0    0    3.500000000E+01   5.000000000E+00   5.000000000E+00
   70    0    0    0    3.500000000E+01  -5.000000000E+00   0.000000000E+00
   71    0    0    0    3.500000000E+01   0.000000000E+00   0.000000000E+00
   72    0    0    0    3.500000000E+01   5.000000000E+00   0.000000000E+00
   73    0    0    0    4.000000000E+01  -5.000000000E+00   1.000000000E+01
   74    0    0    0    4.000000000E+01   0.000000000E+00   1.000000000E+01
   75    0    0    0    4.000000000E+01   5.000000000E+00   1.000000000E+01
   76    0    0    0    4.000000000E+01  -5.000000000E+00   5.000000000E+00
   77    0    0    0    4.000000000E+01   0.000000000E+00   5.000000000E+00
   78    0    0    0    4.000000000E+01   5.000000000E+00   5.000000000E+00
   79    0    0    0    4.000000000E+01  -5.000000000E+00   0.000000000E+00
   80    0    0    0    4.000000000E+01   0.000000000E+00   0.000000000E+00
   81    0    0    0    4.000000000E+01   5.000000000E+00   0.000000000E+00
   82    0    0    0    4.500000000E+01  -5.000000000E+00   1.000000000E+01
   83    0    0    0    4.500000000E+01   0.000000000E+00   1.000000000E+01
   84    0    0    0    4.500000000E+01   5.000000000E+00   1.000000000E+01
   85    0    0    0    4.500000000E+01  -5.000000000E+00   5.000000000E+00
   86    0    0    0    4.500000000E+01   0.000000000E+00   5.000000000E+00
   87    0    0    0    4.500000000E+01   5.000000000E+00   5.000000000E+00
   88    0    0    0    4.500000000E+01  -5.000000000E+00   0.000000000E+00
   89    0    0    0    4.500000000E+01   0.000000000E+00   0.000000000E+00
   90    0    0    0    4.500000000E+01   5.000000000E+00   0.000000000E+00
   91    0    0    0    5.000000000E+01  -5.000000000E+00   1.000000000E+01
   92    0    0    0    5.000000000E+01   0.000000000E+00   1.000000000E+01
   93    0    0    0    5.000000000E+01   5.000000000E+00   1.000000000E+01
   94    0    0    0    5.000000000E+01  -5.000000000E+00   5.000000000E+00
   95    0    0    0    5.000000000E+01   0.000000000E+00   5.000000000E+00
   96    0    0    0    5.000000000E+01   5.000000000E+00   5.000000000E+00
   97    0    0    0    5.000000000E+01  -5.000000000E+00   0.000000000E+00
   98    0    0    0    5.000000000E+01   0.000000000E+00   0.000000000E+00
   99    0    0    0    5.000000000E+01   5.000000000E+00   0.000000000E+00
    1    6    2   -1    0 1000 1001
   91    1    -1000000
   93    1     1000000
   94    1    -2000000
   96    1     2000000
   97    1    -1000000
   99    1     1000000
    3   40    1    3
    1    2.1E+11  0.3   7.8E+03
    1   10   11   14   13    1    2    5    4    1
    2   11   12   15   14    2    3    6    5    1
    3   13   14   17   16    4    5    8    7    1
    4   14   15   18   17    5    6    9    8    1
    5   19   20   23   22   10   11   14   13    1
    6   20   21   24   23   11   12   15   14    1
    7   22   23   26   25   13   14   17   16    1
    8   23   24   27   26   14   15   18   17    1
    9   28   29   32   31   19   20   23   22    1
   10   29   30   33   32   20   21   24   23    1
   11   31   32   35   34   22   23   26   25    1
   12   32   33   36   35   23   24   27   26    1
   13   37   38   41   40   28   29   32   31    1
   14   38   39   42   41   29   30   33   32    1
   15   40   41   44   43   31   32   35   34    1
   16   41   42   45   44   32   33   36   35    1
   17   46   47   50   49   37   38   41   40    1
   18   47   48   51   50   38   39   42   41    1
   19   49   50   53   52   40   41   44   43    1
   20   50   51   54   53   41   42   45   44    1
   21   55   56   59   58   46   47   50   49    1
   22   56   57   60   59   47   48   51   50    1
   23   58   59   62   61   49   50   53   52    1
   24   59   60   63   62   50   51   54   53    1
   25   64   65   68   67   55   56   59   58    1
   26   65   66   69   68   56   57   60   59    1
   27   67   68   71   70   58   59   62   61    1
   28   68   69   72   71   59   60   63   62    1
   29   73   74   77   76   64   65   68   67    1
   30   74   75   78   77   65   66   69   68    1
   31   76   77   80   79   67   68   71   70    1
   32   77   78   81   80   68   69   72   71    1
   33   82   83   86   85   73   74   77   76    1
   34   83   84   87   86   74   75   78   77    1
   35   85   86   89   88   76   77   80   79    1
   36   86   87   90   89   77   78   81   80    1
   37   91   92   95   94   82   83   86   85    1
   38   92   93   96   95   83   84   87   86    1
   39   94   95   98   97   85   86   89   88    1
   40   95   96   99   98   86   87   90   89    1
stop