C3D20_ne1_P
   20    1    1    1    2
    1    1    1    0   -1.000000000E+00  -1.000000000E+00   2.000000000E+00
    2    1    0    0   -1.000000000E+00   1.000000000E+00   2.000000000E+00
    3    1    1    1   -1.000000000E+00  -1.000000000E+00   0.000000000E+00
    4    1    0    1   -1.000000000E+00   1.000000000E+00   0.000000000E+00
    5    0    1    0    1.000000000E+00  -1.000000000E+00   2.000000000E+00
    6    0    0    0    1.000000000E+00   1.000000000E+00   2.000000000E+00
    7    0    1    1    1.000000000E+00  -1.000000000E+00   0.000000000E+00
    8    0    0    1    1.000000000E+00   1.000000000E+00   0.000000000E+00
    9    0    1    0    1.000000000E+00  -1.000000000E+00   1.000000000E+00
   10    0    0    1    1.000000000E+00   0.000000000E+00   0.000000000E+00
   11    0    0    0    1.000000000E+00   1.000000000E+00   1.000000000E+00
   12    0    0    0    1.000000000E+00   0.000000000E+00   2.000000000E+00
   13    1    0    0   -1.000000000E+00   0.000000000E+00   2.000000000E+00
   14    1    0    0   -1.000000000E+00   1.000000000E+00   1.000000000E+00
   15    1    0    1   -1.000000000E+00   0.000000000E+00   0.000000000E+00
   16    1    1    0   -1.000000000E+00  -1.000000000E+00   1.000000000E+00
   17    0    0    0    0.000000000E+00   1.000000000E+00   2.000000000E+00
   18    0    1    0    0.000000000E+00  -1.000000000E+00   2.000000000E+00
   19    0    0    1    0.000000000E+00   1.000000000E+00   0.000000000E+00
   20    0    1    1    0.000000000E+00  -1.000000000E+00   0.000000000E+00
    1    8
    5    1        -1
    6    1        -1
    7    1        -1
    8    1        -1
    9    1         4
   10    1         4
   11    1         4
   12    1         4
    4    1    1    3
    1    210000  0.3   7.8E-09
    1    5    6    8    7    1    2    4    3   12   11   10    9   13   14   15   16   18   17   19   20    1
stop