CJD_C3D8
54  1  1  2
1 1 1 1 -1.000000 0.000000 0.000000
2 0 0 0 1.000000 0.000000 0.000000
3 0 0 0 1.000000 0.000000 0.500000
4 1 1 1 -1.000000 0.000000 0.500000
5 0 0 0 -0.750000 0.000000 0.000000
6 0 0 0 -0.750000 0.000000 0.250000
7 1 1 1 -1.000000 0.000000 0.250000
8 0 0 0 -0.750000 0.000000 0.500000
9 0 0 0 -0.500000 0.000000 0.000000
10 0 0 0 -0.500000 0.000000 0.250000
11 0 0 0 -0.500000 0.000000 0.500000
12 0 0 0 -0.250000 0.000000 0.000000
13 0 0 0 -0.250000 0.000000 0.250000
14 0 0 0 -0.250000 0.000000 0.500000
15 0 0 0 0.000000 0.000000 0.000000
16 0 0 0 0.000000 0.000000 0.250000
17 0 0 0 0.000000 0.000000 0.500000
18 0 0 0 0.250000 0.000000 0.000000
19 0 0 0 0.250000 0.000000 0.250000
20 0 0 0 0.250000 0.000000 0.500000
21 0 0 0 0.500000 0.000000 0.000000
22 0 0 0 0.500000 0.000000 0.250000
23 0 0 0 0.500000 0.000000 0.500000
24 0 0 0 0.750000 0.000000 0.000000
25 0 0 0 0.750000 0.000000 0.250000
26 0 0 0 0.750000 0.000000 0.500000
27 0 0 0 1.000000 0.000000 0.250000
28 1 1 1 -1.000000 -0.200000 0.000000
29 0 0 0 -0.750000 -0.200000 0.000000
30 1 1 1 -1.000000 -0.200000 0.250000
31 0 0 0 -0.750000 -0.200000 0.250000
32 1 1 1 -1.000000 -0.200000 0.500000
33 0 0 0 -0.750000 -0.200000 0.500000
34 0 0 0 -0.500000 -0.200000 0.000000
35 0 0 0 -0.500000 -0.200000 0.250000
36 0 0 0 -0.500000 -0.200000 0.500000
37 0 0 0 -0.250000 -0.200000 0.000000
38 0 0 0 -0.250000 -0.200000 0.250000
39 0 0 0 -0.250000 -0.200000 0.500000
40 0 0 0 0.000000 -0.200000 0.000000
41 0 0 0 0.000000 -0.200000 0.250000
42 0 0 0 0.000000 -0.200000 0.500000
43 0 0 0 0.250000 -0.200000 0.000000
44 0 0 0 0.250000 -0.200000 0.250000
45 0 0 0 0.250000 -0.200000 0.500000
46 0 0 0 0.500000 -0.200000 0.000000
47 0 0 0 0.500000 -0.200000 0.250000
48 0 0 0 0.500000 -0.200000 0.500000
49 0 0 0 0.750000 -0.200000 0.000000
50 0 0 0 0.750000 -0.200000 0.250000
51 0 0 0 0.750000 -0.200000 0.500000
52 0 0 0 1.000000 -0.200000 0.000000
53 0 0 0 1.000000 -0.200000 0.250000
54 0 0 0 1.000000 -0.200000 0.500000
1 54
1 3 -0.120284
2 3 -0.120284
3 3 -0.120284
4 3 -0.120284
5 3 -0.240569
6 3 -0.481137
7 3 -0.240569
8 3 -0.240569
9 3 -0.240569
10 3 -0.481137
11 3 -0.240569
12 3 -0.240569
13 3 -0.481137
14 3 -0.240569
15 3 -0.240569
16 3 -0.481137
17 3 -0.240569
18 3 -0.240569
19 3 -0.481137
20 3 -0.240569
21 3 -0.240569
22 3 -0.481137
23 3 -0.240569
24 3 -0.240569
25 3 -0.481137
26 3 -0.240569
27 3 -0.240569
28 3 -0.120284
29 3 -0.240569
30 3 -0.240569
31 3 -0.481137
32 3 -0.120284
33 3 -0.240569
34 3 -0.240569
35 3 -0.481137
36 3 -0.240569
37 3 -0.240569
38 3 -0.481137
39 3 -0.240569
40 3 -0.240569
41 3 -0.481137
42 3 -0.240569
43 3 -0.240569
44 3 -0.481137
45 3 -0.240569
46 3 -0.240569
47 3 -0.481137
48 3 -0.240569
49 3 -0.240569
50 3 -0.481137
51 3 -0.240569
52 3 -0.120284
53 3 -0.240569
54 3 -0.120284
3 16 1 2
1 200000000 0.3 1e-9
1 1 5 6 7 28 29 31 30 1
2 7 6 8 4 30 31 33 32 1
3 5 9 10 6 29 34 35 31 1
4 6 10 11 8 31 35 36 33 1
5 9 12 13 10 34 37 38 35 1
6 10 13 14 11 35 38 39 36 1
7 12 15 16 13 37 40 41 38 1
8 13 16 17 14 38 41 42 39 1
9 15 18 19 16 40 43 44 41 1
10 16 19 20 17 41 44 45 42 1
11 18 21 22 19 43 46 47 44 1
12 19 22 23 20 44 47 48 45 1
13 21 24 25 22 46 49 50 47 1
14 22 25 26 23 47 50 51 48 1
15 24 2 27 25 49 52 53 50 1
16 25 27 3 26 50 53 54 51 1
stop
