C3D20_ne1
   20    1    1    1    2
    1    1    1    1   -1.000000000E+00  -1.000000000E+00   2.000000000E+00
    2    0    0    0   -1.000000000E+00   1.000000000E+00   2.000000000E+00
    3    1    1    1   -1.000000000E+00  -1.000000000E+00   0.000000000E+00
    4    0    0    0   -1.000000000E+00   1.000000000E+00   0.000000000E+00
    5    1    1    1    1.000000000E+00  -1.000000000E+00   2.000000000E+00
    6    0    0    0    1.000000000E+00   1.000000000E+00   2.000000000E+00
    7    1    1    1    1.000000000E+00  -1.000000000E+00   0.000000000E+00
    8    0    0    1    1.000000000E+00   1.000000000E+00   0.000000000E+00
    9    0    0    0    1.000000000E+00  -1.000000000E+00   1.000000000E+00
   10    0    0    0    1.000000000E+00   0.000000000E+00   0.000000000E+00
   11    0    0    0    1.000000000E+00   1.000000000E+00   1.000000000E+00
   12    0    0    0    1.000000000E+00   0.000000000E+00   2.000000000E+00
   13    0    0    0   -1.000000000E+00   0.000000000E+00   2.000000000E+00
   14    0    0    0   -1.000000000E+00   1.000000000E+00   1.000000000E+00
   15    0    0    0   -1.000000000E+00   0.000000000E+00   0.000000000E+00
   16    0    0    0   -1.000000000E+00  -1.000000000E+00   1.000000000E+00
   17    0    0    0    0.000000000E+00   1.000000000E+00   2.000000000E+00
   18    0    0    0    0.000000000E+00  -1.000000000E+00   2.000000000E+00
   19    0    0    0    0.000000000E+00   1.000000000E+00   0.000000000E+00
   20    0    0    0    0.000000000E+00  -1.000000000E+00   0.000000000E+00
    1    1
    2    2        -1
    4    1    1    2
    1    210000  0.3   7.8E-09
    1    5    6    8    7    1    2    4    3   12   11   10    9   13   14   15   16   18   17   19   20    1
stop