C3D20_cantilever_beam_matlab
  321    1   40    1    2
    1    1    1    1    0.000000000E+00  -5.000000000E+00   1.000000000E+01
    2    1    1    1    0.000000000E+00   0.000000000E+00   1.000000000E+01
    3    1    1    1    0.000000000E+00   5.000000000E+00   1.000000000E+01
    4    1    1    1    0.000000000E+00  -5.000000000E+00   5.000000000E+00
    5    1    1    1    0.000000000E+00   0.000000000E+00   5.000000000E+00
    6    1    1    1    0.000000000E+00   5.000000000E+00   5.000000000E+00
    7    1    1    1    0.000000000E+00  -5.000000000E+00   0.000000000E+00
    8    1    1    1    0.000000000E+00   0.000000000E+00   0.000000000E+00
    9    1    1    1    0.000000000E+00   5.000000000E+00   0.000000000E+00
   10    0    0    0    5.000000000E+00  -5.000000000E+00   1.000000000E+01
   11    0    0    0    5.000000000E+00   0.000000000E+00   1.000000000E+01
   12    0    0    0    5.000000000E+00   5.000000000E+00   1.000000000E+01
   13    0    0    0    5.000000000E+00  -5.000000000E+00   5.000000000E+00
   14    0    0    0    5.000000000E+00   0.000000000E+00   5.000000000E+00
   15    0    0    0    5.000000000E+00   5.000000000E+00   5.000000000E+00
   16    0    0    0    5.000000000E+00  -5.000000000E+00   0.000000000E+00
   17    0    0    0    5.000000000E+00   0.000000000E+00   0.000000000E+00
   18    0    0    0    5.000000000E+00   5.000000000E+00   0.000000000E+00
   19    0    0    0    1.000000000E+01  -5.000000000E+00   1.000000000E+01
   20    0    0    0    1.000000000E+01   0.000000000E+00   1.000000000E+01
   21    0    0    0    1.000000000E+01   5.000000000E+00   1.000000000E+01
   22    0    0    0    1.000000000E+01  -5.000000000E+00   5.000000000E+00
   23    0    0    0    1.000000000E+01   0.000000000E+00   5.000000000E+00
   24    0    0    0    1.000000000E+01   5.000000000E+00   5.000000000E+00
   25    0    0    0    1.000000000E+01  -5.000000000E+00   0.000000000E+00
   26    0    0    0    1.000000000E+01   0.000000000E+00   0.000000000E+00
   27    0    0    0    1.000000000E+01   5.000000000E+00   0.000000000E+00
   28    0    0    0    1.500000000E+01  -5.000000000E+00   1.000000000E+01
   29    0    0    0    1.500000000E+01   0.000000000E+00   1.000000000E+01
   30    0    0    0    1.500000000E+01   5.000000000E+00   1.000000000E+01
   31    0    0    0    1.500000000E+01  -5.000000000E+00   5.000000000E+00
   32    0    0    0    1.500000000E+01   0.000000000E+00   5.000000000E+00
   33    0    0    0    1.500000000E+01   5.000000000E+00   5.000000000E+00
   34    0    0    0    1.500000000E+01  -5.000000000E+00   0.000000000E+00
   35    0    0    0    1.500000000E+01   0.000000000E+00   0.000000000E+00
   36    0    0    0    1.500000000E+01   5.000000000E+00   0.000000000E+00
   37    0    0    0    2.000000000E+01  -5.000000000E+00   1.000000000E+01
   38    0    0    0    2.000000000E+01   0.000000000E+00   1.000000000E+01
   39    0    0    0    2.000000000E+01   5.000000000E+00   1.000000000E+01
   40    0    0    0    2.000000000E+01  -5.000000000E+00   5.000000000E+00
   41    0    0    0    2.000000000E+01   0.000000000E+00   5.000000000E+00
   42    0    0    0    2.000000000E+01   5.000000000E+00   5.000000000E+00
   43    0    0    0    2.000000000E+01  -5.000000000E+00   0.000000000E+00
   44    0    0    0    2.000000000E+01   0.000000000E+00   0.000000000E+00
   45    0    0    0    2.000000000E+01   5.000000000E+00   0.000000000E+00
   46    0    0    0    2.500000000E+01  -5.000000000E+00   1.000000000E+01
   47    0    0    0    2.500000000E+01   0.000000000E+00   1.000000000E+01
   48    0    0    0    2.500000000E+01   5.000000000E+00   1.000000000E+01
   49    0    0    0    2.500000000E+01  -5.000000000E+00   5.000000000E+00
   50    0    0    0    2.500000000E+01   0.000000000E+00   5.000000000E+00
   51    0    0    0    2.500000000E+01   5.000000000E+00   5.000000000E+00
   52    0    0    0    2.500000000E+01  -5.000000000E+00   0.000000000E+00
   53    0    0    0    2.500000000E+01   0.000000000E+00   0.000000000E+00
   54    0    0    0    2.500000000E+01   5.000000000E+00   0.000000000E+00
   55    0    0    0    3.000000000E+01  -5.000000000E+00   1.000000000E+01
   56    0    0    0    3.000000000E+01   0.000000000E+00   1.000000000E+01
   57    0    0    0    3.000000000E+01   5.000000000E+00   1.000000000E+01
   58    0    0    0    3.000000000E+01  -5.000000000E+00   5.000000000E+00
   59    0    0    0    3.000000000E+01   0.000000000E+00   5.000000000E+00
   60    0    0    0    3.000000000E+01   5.000000000E+00   5.000000000E+00
   61    0    0    0    3.000000000E+01  -5.000000000E+00   0.000000000E+00
   62    0    0    0    3.000000000E+01   0.000000000E+00   0.000000000E+00
   63    0    0    0    3.000000000E+01   5.000000000E+00   0.000000000E+00
   64    0    0    0    3.500000000E+01  -5.000000000E+00   1.000000000E+01
   65    0    0    0    3.500000000E+01   0.000000000E+00   1.000000000E+01
   66    0    0    0    3.500000000E+01   5.000000000E+00   1.000000000E+01
   67    0    0    0    3.500000000E+01  -5.000000000E+00   5.000000000E+00
   68    0    0    0    3.500000000E+01   0.000000000E+00   5.000000000E+00
   69    0    0    0    3.500000000E+01   5.000000000E+00   5.000000000E+00
   70    0    0    0    3.500000000E+01  -5.000000000E+00   0.000000000E+00
   71    0    0    0    3.500000000E+01   0.000000000E+00   0.000000000E+00
   72    0    0    0    3.500000000E+01   5.000000000E+00   0.000000000E+00
   73    0    0    0    4.000000000E+01  -5.000000000E+00   1.000000000E+01
   74    0    0    0    4.000000000E+01   0.000000000E+00   1.000000000E+01
   75    0    0    0    4.000000000E+01   5.000000000E+00   1.000000000E+01
   76    0    0    0    4.000000000E+01  -5.000000000E+00   5.000000000E+00
   77    0    0    0    4.000000000E+01   0.000000000E+00   5.000000000E+00
   78    0    0    0    4.000000000E+01   5.000000000E+00   5.000000000E+00
   79    0    0    0    4.000000000E+01  -5.000000000E+00   0.000000000E+00
   80    0    0    0    4.000000000E+01   0.000000000E+00   0.000000000E+00
   81    0    0    0    4.000000000E+01   5.000000000E+00   0.000000000E+00
   82    0    0    0    4.500000000E+01  -5.000000000E+00   1.000000000E+01
   83    0    0    0    4.500000000E+01   0.000000000E+00   1.000000000E+01
   84    0    0    0    4.500000000E+01   5.000000000E+00   1.000000000E+01
   85    0    0    0    4.500000000E+01  -5.000000000E+00   5.000000000E+00
   86    0    0    0    4.500000000E+01   0.000000000E+00   5.000000000E+00
   87    0    0    0    4.500000000E+01   5.000000000E+00   5.000000000E+00
   88    0    0    0    4.500000000E+01  -5.000000000E+00   0.000000000E+00
   89    0    0    0    4.500000000E+01   0.000000000E+00   0.000000000E+00
   90    0    0    0    4.500000000E+01   5.000000000E+00   0.000000000E+00
   91    0    0    0    5.000000000E+01  -5.000000000E+00   1.000000000E+01
   92    0    0    0    5.000000000E+01   0.000000000E+00   1.000000000E+01
   93    0    0    0    5.000000000E+01   5.000000000E+00   1.000000000E+01
   94    0    0    0    5.000000000E+01  -5.000000000E+00   5.000000000E+00
   95    0    0    0    5.000000000E+01   0.000000000E+00   5.000000000E+00
   96    0    0    0    5.000000000E+01   5.000000000E+00   5.000000000E+00
   97    0    0    0    5.000000000E+01  -5.000000000E+00   0.000000000E+00
   98    0    0    0    5.000000000E+01   0.000000000E+00   0.000000000E+00
   99    0    0    0    5.000000000E+01   5.000000000E+00   0.000000000E+00
  100    0    0    0    5.000000000E+00  -5.000000000E+00   7.500000000E+00
  101    0    0    0    5.000000000E+00  -2.500000000E+00   5.000000000E+00
  102    0    0    0    5.000000000E+00   0.000000000E+00   7.500000000E+00
  103    0    0    0    5.000000000E+00  -2.500000000E+00   1.000000000E+01
  104    1    1    1    0.000000000E+00  -2.500000000E+00   1.000000000E+01
  105    1    1    1    0.000000000E+00   0.000000000E+00   7.500000000E+00
  106    1    1    1    0.000000000E+00  -2.500000000E+00   5.000000000E+00
  107    1    1    1    0.000000000E+00  -5.000000000E+00   7.500000000E+00
  108    0    0    0    2.500000000E+00   0.000000000E+00   1.000000000E+01
  109    0    0    0    2.500000000E+00  -5.000000000E+00   1.000000000E+01
  110    0    0    0    2.500000000E+00   0.000000000E+00   5.000000000E+00
  111    0    0    0    2.500000000E+00  -5.000000000E+00   5.000000000E+00
  112    0    0    0    5.000000000E+00   2.500000000E+00   5.000000000E+00
  113    0    0    0    5.000000000E+00   5.000000000E+00   7.500000000E+00
  114    0    0    0    5.000000000E+00   2.500000000E+00   1.000000000E+01
  115    1    1    1    0.000000000E+00   2.500000000E+00   1.000000000E+01
  116    1    1    1    0.000000000E+00   5.000000000E+00   7.500000000E+00
  117    1    1    1    0.000000000E+00   2.500000000E+00   5.000000000E+00
  118    0    0    0    2.500000000E+00   5.000000000E+00   1.000000000E+01
  119    0    0    0    2.500000000E+00   5.000000000E+00   5.000000000E+00
  120    0    0    0    5.000000000E+00  -5.000000000E+00   2.500000000E+00
  121    0    0    0    5.000000000E+00  -2.500000000E+00   0.000000000E+00
  122    0    0    0    5.000000000E+00   0.000000000E+00   2.500000000E+00
  123    1    1    1    0.000000000E+00   0.000000000E+00   2.500000000E+00
  124    1    1    1    0.000000000E+00  -2.500000000E+00   0.000000000E+00
  125    1    1    1    0.000000000E+00  -5.000000000E+00   2.500000000E+00
  126    0    0    0    2.500000000E+00   0.000000000E+00   0.000000000E+00
  127    0    0    0    2.500000000E+00  -5.000000000E+00   0.000000000E+00
  128    0    0    0    5.000000000E+00   2.500000000E+00   0.000000000E+00
  129    0    0    0    5.000000000E+00   5.000000000E+00   2.500000000E+00
  130    1    1    1    0.000000000E+00   5.000000000E+00   2.500000000E+00
  131    1    1    1    0.000000000E+00   2.500000000E+00   0.000000000E+00
  132    0    0    0    2.500000000E+00   5.000000000E+00   0.000000000E+00
  133    0    0    0    1.000000000E+01  -5.000000000E+00   7.500000000E+00
  134    0    0    0    1.000000000E+01  -2.500000000E+00   5.000000000E+00
  135    0    0    0    1.000000000E+01   0.000000000E+00   7.500000000E+00
  136    0    0    0    1.000000000E+01  -2.500000000E+00   1.000000000E+01
  137    0    0    0    7.500000000E+00   0.000000000E+00   1.000000000E+01
  138    0    0    0    7.500000000E+00  -5.000000000E+00   1.000000000E+01
  139    0    0    0    7.500000000E+00   0.000000000E+00   5.000000000E+00
  140    0    0    0    7.500000000E+00  -5.000000000E+00   5.000000000E+00
  141    0    0    0    1.000000000E+01   2.500000000E+00   5.000000000E+00
  142    0    0    0    1.000000000E+01   5.000000000E+00   7.500000000E+00
  143    0    0    0    1.000000000E+01   2.500000000E+00   1.000000000E+01
  144    0    0    0    7.500000000E+00   5.000000000E+00   1.000000000E+01
  145    0    0    0    7.500000000E+00   5.000000000E+00   5.000000000E+00
  146    0    0    0    1.000000000E+01  -5.000000000E+00   2.500000000E+00
  147    0    0    0    1.000000000E+01  -2.500000000E+00   0.000000000E+00
  148    0    0    0    1.000000000E+01   0.000000000E+00   2.500000000E+00
  149    0    0    0    7.500000000E+00   0.000000000E+00   0.000000000E+00
  150    0    0    0    7.500000000E+00  -5.000000000E+00   0.000000000E+00
  151    0    0    0    1.000000000E+01   2.500000000E+00   0.000000000E+00
  152    0    0    0    1.000000000E+01   5.000000000E+00   2.500000000E+00
  153    0    0    0    7.500000000E+00   5.000000000E+00   0.000000000E+00
  154    0    0    0    1.500000000E+01  -5.000000000E+00   7.500000000E+00
  155    0    0    0    1.500000000E+01  -2.500000000E+00   5.000000000E+00
  156    0    0    0    1.500000000E+01   0.000000000E+00   7.500000000E+00
  157    0    0    0    1.500000000E+01  -2.500000000E+00   1.000000000E+01
  158    0    0    0    1.250000000E+01   0.000000000E+00   1.000000000E+01
  159    0    0    0    1.250000000E+01  -5.000000000E+00   1.000000000E+01
  160    0    0    0    1.250000000E+01   0.000000000E+00   5.000000000E+00
  161    0    0    0    1.250000000E+01  -5.000000000E+00   5.000000000E+00
  162    0    0    0    1.500000000E+01   2.500000000E+00   5.000000000E+00
  163    0    0    0    1.500000000E+01   5.000000000E+00   7.500000000E+00
  164    0    0    0    1.500000000E+01   2.500000000E+00   1.000000000E+01
  165    0    0    0    1.250000000E+01   5.000000000E+00   1.000000000E+01
  166    0    0    0    1.250000000E+01   5.000000000E+00   5.000000000E+00
  167    0    0    0    1.500000000E+01  -5.000000000E+00   2.500000000E+00
  168    0    0    0    1.500000000E+01  -2.500000000E+00   0.000000000E+00
  169    0    0    0    1.500000000E+01   0.000000000E+00   2.500000000E+00
  170    0    0    0    1.250000000E+01   0.000000000E+00   0.000000000E+00
  171    0    0    0    1.250000000E+01  -5.000000000E+00   0.000000000E+00
  172    0    0    0    1.500000000E+01   2.500000000E+00   0.000000000E+00
  173    0    0    0    1.500000000E+01   5.000000000E+00   2.500000000E+00
  174    0    0    0    1.250000000E+01   5.000000000E+00   0.000000000E+00
  175    0    0    0    2.000000000E+01  -5.000000000E+00   7.500000000E+00
  176    0    0    0    2.000000000E+01  -2.500000000E+00   5.000000000E+00
  177    0    0    0    2.000000000E+01   0.000000000E+00   7.500000000E+00
  178    0    0    0    2.000000000E+01  -2.500000000E+00   1.000000000E+01
  179    0    0    0    1.750000000E+01   0.000000000E+00   1.000000000E+01
  180    0    0    0    1.750000000E+01  -5.000000000E+00   1.000000000E+01
  181    0    0    0    1.750000000E+01   0.000000000E+00   5.000000000E+00
  182    0    0    0    1.750000000E+01  -5.000000000E+00   5.000000000E+00
  183    0    0    0    2.000000000E+01   2.500000000E+00   5.000000000E+00
  184    0    0    0    2.000000000E+01   5.000000000E+00   7.500000000E+00
  185    0    0    0    2.000000000E+01   2.500000000E+00   1.000000000E+01
  186    0    0    0    1.750000000E+01   5.000000000E+00   1.000000000E+01
  187    0    0    0    1.750000000E+01   5.000000000E+00   5.000000000E+00
  188    0    0    0    2.000000000E+01  -5.000000000E+00   2.500000000E+00
  189    0    0    0    2.000000000E+01  -2.500000000E+00   0.000000000E+00
  190    0    0    0    2.000000000E+01   0.000000000E+00   2.500000000E+00
  191    0    0    0    1.750000000E+01   0.000000000E+00   0.000000000E+00
  192    0    0    0    1.750000000E+01  -5.000000000E+00   0.000000000E+00
  193    0    0    0    2.000000000E+01   2.500000000E+00   0.000000000E+00
  194    0    0    0    2.000000000E+01   5.000000000E+00   2.500000000E+00
  195    0    0    0    1.750000000E+01   5.000000000E+00   0.000000000E+00
  196    0    0    0    2.500000000E+01  -5.000000000E+00   7.500000000E+00
  197    0    0    0    2.500000000E+01  -2.500000000E+00   5.000000000E+00
  198    0    0    0    2.500000000E+01   0.000000000E+00   7.500000000E+00
  199    0    0    0    2.500000000E+01  -2.500000000E+00   1.000000000E+01
  200    0    0    0    2.250000000E+01   0.000000000E+00   1.000000000E+01
  201    0    0    0    2.250000000E+01  -5.000000000E+00   1.000000000E+01
  202    0    0    0    2.250000000E+01   0.000000000E+00   5.000000000E+00
  203    0    0    0    2.250000000E+01  -5.000000000E+00   5.000000000E+00
  204    0    0    0    2.500000000E+01   2.500000000E+00   5.000000000E+00
  205    0    0    0    2.500000000E+01   5.000000000E+00   7.500000000E+00
  206    0    0    0    2.500000000E+01   2.500000000E+00   1.000000000E+01
  207    0    0    0    2.250000000E+01   5.000000000E+00   1.000000000E+01
  208    0    0    0    2.250000000E+01   5.000000000E+00   5.000000000E+00
  209    0    0    0    2.500000000E+01  -5.000000000E+00   2.500000000E+00
  210    0    0    0    2.500000000E+01  -2.500000000E+00   0.000000000E+00
  211    0    0    0    2.500000000E+01   0.000000000E+00   2.500000000E+00
  212    0    0    0    2.250000000E+01   0.000000000E+00   0.000000000E+00
  213    0    0    0    2.250000000E+01  -5.000000000E+00   0.000000000E+00
  214    0    0    0    2.500000000E+01   2.500000000E+00   0.000000000E+00
  215    0    0    0    2.500000000E+01   5.000000000E+00   2.500000000E+00
  216    0    0    0    2.250000000E+01   5.000000000E+00   0.000000000E+00
  217    0    0    0    3.000000000E+01  -5.000000000E+00   7.500000000E+00
  218    0    0    0    3.000000000E+01  -2.500000000E+00   5.000000000E+00
  219    0    0    0    3.000000000E+01   0.000000000E+00   7.500000000E+00
  220    0    0    0    3.000000000E+01  -2.500000000E+00   1.000000000E+01
  221    0    0    0    2.750000000E+01   0.000000000E+00   1.000000000E+01
  222    0    0    0    2.750000000E+01  -5.000000000E+00   1.000000000E+01
  223    0    0    0    2.750000000E+01   0.000000000E+00   5.000000000E+00
  224    0    0    0    2.750000000E+01  -5.000000000E+00   5.000000000E+00
  225    0    0    0    3.000000000E+01   2.500000000E+00   5.000000000E+00
  226    0    0    0    3.000000000E+01   5.000000000E+00   7.500000000E+00
  227    0    0    0    3.000000000E+01   2.500000000E+00   1.000000000E+01
  228    0    0    0    2.750000000E+01   5.000000000E+00   1.000000000E+01
  229    0    0    0    2.750000000E+01   5.000000000E+00   5.000000000E+00
  230    0    0    0    3.000000000E+01  -5.000000000E+00   2.500000000E+00
  231    0    0    0    3.000000000E+01  -2.500000000E+00   0.000000000E+00
  232    0    0    0    3.000000000E+01   0.000000000E+00   2.500000000E+00
  233    0    0    0    2.750000000E+01   0.000000000E+00   0.000000000E+00
  234    0    0    0    2.750000000E+01  -5.000000000E+00   0.000000000E+00
  235    0    0    0    3.000000000E+01   2.500000000E+00   0.000000000E+00
  236    0    0    0    3.000000000E+01   5.000000000E+00   2.500000000E+00
  237    0    0    0    2.750000000E+01   5.000000000E+00   0.000000000E+00
  238    0    0    0    3.500000000E+01  -5.000000000E+00   7.500000000E+00
  239    0    0    0    3.500000000E+01  -2.500000000E+00   5.000000000E+00
  240    0    0    0    3.500000000E+01   0.000000000E+00   7.500000000E+00
  241    0    0    0    3.500000000E+01  -2.500000000E+00   1.000000000E+01
  242    0    0    0    3.250000000E+01   0.000000000E+00   1.000000000E+01
  243    0    0    0    3.250000000E+01  -5.000000000E+00   1.000000000E+01
  244    0    0    0    3.250000000E+01   0.000000000E+00   5.000000000E+00
  245    0    0    0    3.250000000E+01  -5.000000000E+00   5.000000000E+00
  246    0    0    0    3.500000000E+01   2.500000000E+00   5.000000000E+00
  247    0    0    0    3.500000000E+01   5.000000000E+00   7.500000000E+00
  248    0    0    0    3.500000000E+01   2.500000000E+00   1.000000000E+01
  249    0    0    0    3.250000000E+01   5.000000000E+00   1.000000000E+01
  250    0    0    0    3.250000000E+01   5.000000000E+00   5.000000000E+00
  251    0    0    0    3.500000000E+01  -5.000000000E+00   2.500000000E+00
  252    0    0    0    3.500000000E+01  -2.500000000E+00   0.000000000E+00
  253    0    0    0    3.500000000E+01   0.000000000E+00   2.500000000E+00
  254    0    0    0    3.250000000E+01   0.000000000E+00   0.000000000E+00
  255    0    0    0    3.250000000E+01  -5.000000000E+00   0.000000000E+00
  256    0    0    0    3.500000000E+01   2.500000000E+00   0.000000000E+00
  257    0    0    0    3.500000000E+01   5.000000000E+00   2.500000000E+00
  258    0    0    0    3.250000000E+01   5.000000000E+00   0.000000000E+00
  259    0    0    0    4.000000000E+01  -5.000000000E+00   7.500000000E+00
  260    0    0    0    4.000000000E+01  -2.500000000E+00   5.000000000E+00
  261    0    0    0    4.000000000E+01   0.000000000E+00   7.500000000E+00
  262    0    0    0    4.000000000E+01  -2.500000000E+00   1.000000000E+01
  263    0    0    0    3.750000000E+01   0.000000000E+00   1.000000000E+01
  264    0    0    0    3.750000000E+01  -5.000000000E+00   1.000000000E+01
  265    0    0    0    3.750000000E+01   0.000000000E+00   5.000000000E+00
  266    0    0    0    3.750000000E+01  -5.000000000E+00   5.000000000E+00
  267    0    0    0    4.000000000E+01   2.500000000E+00   5.000000000E+00
  268    0    0    0    4.000000000E+01   5.000000000E+00   7.500000000E+00
  269    0    0    0    4.000000000E+01   2.500000000E+00   1.000000000E+01
  270    0    0    0    3.750000000E+01   5.000000000E+00   1.000000000E+01
  271    0    0    0    3.750000000E+01   5.000000000E+00   5.000000000E+00
  272    0    0    0    4.000000000E+01  -5.000000000E+00   2.500000000E+00
  273    0    0    0    4.000000000E+01  -2.500000000E+00   0.000000000E+00
  274    0    0    0    4.000000000E+01   0.000000000E+00   2.500000000E+00
  275    0    0    0    3.750000000E+01   0.000000000E+00   0.000000000E+00
  276    0    0    0    3.750000000E+01  -5.000000000E+00   0.000000000E+00
  277    0    0    0    4.000000000E+01   2.500000000E+00   0.000000000E+00
  278    0    0    0    4.000000000E+01   5.000000000E+00   2.500000000E+00
  279    0    0    0    3.750000000E+01   5.000000000E+00   0.000000000E+00
  280    0    0    0    4.500000000E+01  -5.000000000E+00   7.500000000E+00
  281    0    0    0    4.500000000E+01  -2.500000000E+00   5.000000000E+00
  282    0    0    0    4.500000000E+01   0.000000000E+00   7.500000000E+00
  283    0    0    0    4.500000000E+01  -2.500000000E+00   1.000000000E+01
  284    0    0    0    4.250000000E+01   0.000000000E+00   1.000000000E+01
  285    0    0    0    4.250000000E+01  -5.000000000E+00   1.000000000E+01
  286    0    0    0    4.250000000E+01   0.000000000E+00   5.000000000E+00
  287    0    0    0    4.250000000E+01  -5.000000000E+00   5.000000000E+00
  288    0    0    0    4.500000000E+01   2.500000000E+00   5.000000000E+00
  289    0    0    0    4.500000000E+01   5.000000000E+00   7.500000000E+00
  290    0    0    0    4.500000000E+01   2.500000000E+00   1.000000000E+01
  291    0    0    0    4.250000000E+01   5.000000000E+00   1.000000000E+01
  292    0    0    0    4.250000000E+01   5.000000000E+00   5.000000000E+00
  293    0    0    0    4.500000000E+01  -5.000000000E+00   2.500000000E+00
  294    0    0    0    4.500000000E+01  -2.500000000E+00   0.000000000E+00
  295    0    0    0    4.500000000E+01   0.000000000E+00   2.500000000E+00
  296    0    0    0    4.250000000E+01   0.000000000E+00   0.000000000E+00
  297    0    0    0    4.250000000E+01  -5.000000000E+00   0.000000000E+00
  298    0    0    0    4.500000000E+01   2.500000000E+00   0.000000000E+00
  299    0    0    0    4.500000000E+01   5.000000000E+00   2.500000000E+00
  300    0    0    0    4.250000000E+01   5.000000000E+00   0.000000000E+00
  301    0    0    0    5.000000000E+01  -5.000000000E+00   7.500000000E+00
  302    0    0    0    5.000000000E+01  -2.500000000E+00   5.000000000E+00
  303    0    0    0    5.000000000E+01   0.000000000E+00   7.500000000E+00
  304    0    0    0    5.000000000E+01  -2.500000000E+00   1.000000000E+01
  305    0    0    0    4.750000000E+01   0.000000000E+00   1.000000000E+01
  306    0    0    0    4.750000000E+01  -5.000000000E+00   1.000000000E+01
  307    0    0    0    4.750000000E+01   0.000000000E+00   5.000000000E+00
  308    0    0    0    4.750000000E+01  -5.000000000E+00   5.000000000E+00
  309    0    0    0    5.000000000E+01   2.500000000E+00   5.000000000E+00
  310    0    0    0    5.000000000E+01   5.000000000E+00   7.500000000E+00
  311    0    0    0    5.000000000E+01   2.500000000E+00   1.000000000E+01
  312    0    0    0    4.750000000E+01   5.000000000E+00   1.000000000E+01
  313    0    0    0    4.750000000E+01   5.000000000E+00   5.000000000E+00
  314    0    0    0    5.000000000E+01  -5.000000000E+00   2.500000000E+00
  315    0    0    0    5.000000000E+01  -2.500000000E+00   0.000000000E+00
  316    0    0    0    5.000000000E+01   0.000000000E+00   2.500000000E+00
  317    0    0    0    4.750000000E+01   0.000000000E+00   0.000000000E+00
  318    0    0    0    4.750000000E+01  -5.000000000E+00   0.000000000E+00
  319    0    0    0    5.000000000E+01   2.500000000E+00   0.000000000E+00
  320    0    0    0    5.000000000E+01   5.000000000E+00   2.500000000E+00
  321    0    0    0    4.750000000E+01   5.000000000E+00   0.000000000E+00
    1   16
   93    1 -8.333300e+02
   99    1 -8.333300e+02
  310    1 3.333300e+03
  320    1 3.333300e+03
  311    1 3.333300e+03
  319    1 3.333300e+03
   96    1 -1.666700e+03
  309    1 6.666700e+03
  304    1 -3.333300e+03
  315    1 -3.333300e+03
  301    1 -3.333300e+03
  314    1 -3.333300e+03
  302    1 -6.666700e+03
   91    1 8.333300e+02
   97    1 8.333300e+02
   94    1 1.666700e+03
    4   40    1    2
    1    210000  0.3   7.8E-09
    1   10   11   14   13    1    2    5    4  103  102  101  100  104  105  106  107  109  108  110  111    1
    2   10   11   14   13    1    2    5    4  103  102  101  100  104  105  106  107  109  108  110  111    1
    3   10   11   14   13    1    2    5    4  103  102  101  100  104  105  106  107  109  108  110  111    1
    4   10   11   14   13    1    2    5    4  103  102  101  100  104  105  106  107  109  108  110  111    1
    5   10   11   14   13    1    2    5    4  103  102  101  100  104  105  106  107  109  108  110  111    1
    6   10   11   14   13    1    2    5    4  103  102  101  100  104  105  106  107  109  108  110  111    1
    7   10   11   14   13    1    2    5    4  103  102  101  100  104  105  106  107  109  108  110  111    1
    8   10   11   14   13    1    2    5    4  103  102  101  100  104  105  106  107  109  108  110  111    1
    9   10   11   14   13    1    2    5    4  103  102  101  100  104  105  106  107  109  108  110  111    1
   10   10   11   14   13    1    2    5    4  103  102  101  100  104  105  106  107  109  108  110  111    1
   11   10   11   14   13    1    2    5    4  103  102  101  100  104  105  106  107  109  108  110  111    1
   12   10   11   14   13    1    2    5    4  103  102  101  100  104  105  106  107  109  108  110  111    1
   13   10   11   14   13    1    2    5    4  103  102  101  100  104  105  106  107  109  108  110  111    1
   14   10   11   14   13    1    2    5    4  103  102  101  100  104  105  106  107  109  108  110  111    1
   15   10   11   14   13    1    2    5    4  103  102  101  100  104  105  106  107  109  108  110  111    1
   16   10   11   14   13    1    2    5    4  103  102  101  100  104  105  106  107  109  108  110  111    1
   17   10   11   14   13    1    2    5    4  103  102  101  100  104  105  106  107  109  108  110  111    1
   18   10   11   14   13    1    2    5    4  103  102  101  100  104  105  106  107  109  108  110  111    1
   19   10   11   14   13    1    2    5    4  103  102  101  100  104  105  106  107  109  108  110  111    1
   20   10   11   14   13    1    2    5    4  103  102  101  100  104  105  106  107  109  108  110  111    1
   21   10   11   14   13    1    2    5    4  103  102  101  100  104  105  106  107  109  108  110  111    1
   22   10   11   14   13    1    2    5    4  103  102  101  100  104  105  106  107  109  108  110  111    1
   23   10   11   14   13    1    2    5    4  103  102  101  100  104  105  106  107  109  108  110  111    1
   24   10   11   14   13    1    2    5    4  103  102  101  100  104  105  106  107  109  108  110  111    1
   25   10   11   14   13    1    2    5    4  103  102  101  100  104  105  106  107  109  108  110  111    1
   26   10   11   14   13    1    2    5    4  103  102  101  100  104  105  106  107  109  108  110  111    1
   27   10   11   14   13    1    2    5    4  103  102  101  100  104  105  106  107  109  108  110  111    1
   28   10   11   14   13    1    2    5    4  103  102  101  100  104  105  106  107  109  108  110  111    1
   29   10   11   14   13    1    2    5    4  103  102  101  100  104  105  106  107  109  108  110  111    1
   30   10   11   14   13    1    2    5    4  103  102  101  100  104  105  106  107  109  108  110  111    1
   31   10   11   14   13    1    2    5    4  103  102  101  100  104  105  106  107  109  108  110  111    1
   32   10   11   14   13    1    2    5    4  103  102  101  100  104  105  106  107  109  108  110  111    1
   33   10   11   14   13    1    2    5    4  103  102  101  100  104  105  106  107  109  108  110  111    1
   34   10   11   14   13    1    2    5    4  103  102  101  100  104  105  106  107  109  108  110  111    1
   35   10   11   14   13    1    2    5    4  103  102  101  100  104  105  106  107  109  108  110  111    1
   36   10   11   14   13    1    2    5    4  103  102  101  100  104  105  106  107  109  108  110  111    1
   37   10   11   14   13    1    2    5    4  103  102  101  100  104  105  106  107  109  108  110  111    1
   38   10   11   14   13    1    2    5    4  103  102  101  100  104  105  106  107  109  108  110  111    1
   39   10   11   14   13    1    2    5    4  103  102  101  100  104  105  106  107  109  108  110  111    1
   40   10   11   14   13    1    2    5    4  103  102  101  100  104  105  106  107  109  108  110  111    1
stop