C3D20_ne1
   20    1    1    1    2
    1    0    0    0    1.000000000E+01   1.000000000E+01   2.000000000E+01
    2    1    1    1    1.000000000E+01  -1.000000000E+01   2.000000000E+01
    3    0    0    0    1.000000000E+01   1.000000000E+01   0.000000000E+00
    4    1    1    1    1.000000000E+01  -1.000000000E+01   0.000000000E+00
    5    0    0    0   -1.000000000E+01   1.000000000E+01   2.000000000E+01
    6    1    1    1   -1.000000000E+01  -1.000000000E+01   2.000000000E+01
    7    0    0    0   -1.000000000E+01   1.000000000E+01   0.000000000E+00
    8    1    1    1   -1.000000000E+01  -1.000000000E+01   0.000000000E+00
    9    0    0    0   -1.000000000E+01   1.000000000E+01   1.000000000E+01
   10    0    0    0   -1.000000000E+01   0.000000000E+00   0.000000000E+00
   11    0    0    0   -1.000000000E+01  -1.000000000E+01   1.000000000E+01
   12    0    0    0   -1.000000000E+01   0.000000000E+00   2.000000000E+01
   13    0    0    0    1.000000000E+01   0.000000000E+00   2.000000000E+01
   14    0    0    0    1.000000000E+01  -1.000000000E+01   1.000000000E+01
   15    0    0    0    1.000000000E+01   0.000000000E+00   0.000000000E+00
   16    0    0    0    1.000000000E+01   1.000000000E+01   1.000000000E+01
   17    0    0    0    0.000000000E+00  -1.000000000E+01   2.000000000E+01
   18    0    0    0    0.000000000E+00   1.000000000E+01   2.000000000E+01
   19    0    0    0    0.000000000E+00  -1.000000000E+01   0.000000000E+00
   20    0    0    0    0.000000000E+00   1.000000000E+01   0.000000000E+00
    1    4
    5    2        -1
    1    2        -1
    3    2        -1
    7    2        -1
    4    1    1    2
    1    210000  0.3   1.0E-06
    1    5    6    8    7    1    2    4    3   12   11   10    9   13   14   15   16   18   17   19   20    1
stop