modal_C3D20_ne1
20 1 1 1 2
1   1 1 1 0   0   0
2   1 1 1 20 0   0
3   1 1 1 20 20 0
4   1 1 1 0   20 0
5   0 0 0 0   0   20
6   0 0 0 20 0   20
7   0 0 0 20 20 20
8   0 0 0 0   20 20
9   1 1 1 10 0   0
10 1 1 1 20 10 0
11 1 1 1 10 20 0
12 1 1 1 0   10 0
13 0 0 0 10  0  20
14 0 0 0 20 10 20
15 0 0 0 10 20 20
16 0 0 0 0   10 20
17 0 0 0 0    0  10
18 0 0 0 20  0  10
19 0 0 0 20 20 10
20 0 0 0 0   20 10
1 8
2   1 -1
3   1 -1
6   1 -1
7   1 -1
10 1  4
14 1  4
18 1  4
19 1  4
4 1 1 2
1 210E3 0.3 7.9E-6
1 1 2 3 4 5 6 7 8 9 10 11 12 13 14 15 16 17 18 19 20 1